0.7119179309333147 0.3223075093212125
1.447028556223169 0.7809232076949447
0.6243455331642681 1.677392470810183
1.071158955927787 0.002688096076401636
0.454724446488565 1.678180845796176
1.520084768311829 0.5678501726972117
0.3214112422507026 0.4457418099287268
1.163581252141476 1.065477205954424
0.7181000070975349 0.4043718368877932
0.4243285665811839 1.684822147051808
1.140083875725471 0.6767783209395194
0.4465752419730048 1.149589001764944
0.6968156094510446 1.32863597468871
0.8737748082875728 0.8765138081444933
1.856525620360119 1.211611496772893
0.07921790967877074 1.318159593507866
0.7212225181589228 0.5025936947245645
1.769682310634134 1.540535837309194
0.5165107360938345 1.42853857671274
1.573784652871273 0.9138256257508311
0.4076075913817342 1.44568601648714
1.454032839839222 0.3876605223140083
1.437094465187952 0.1956571000692363
1.514837252926222 1.450683252663067
0.559039742849614 0.119566974215341
0.2312107994547846 1.239302335074361
1.829875912157214 0.6520376210752673
1.44035883105526 0.6775916856155085
1.713899425982876 1.434290826280991
0.5683177212325558 0.2992304900633055
0.9915091550397651 1.726867363777474
0.7882409498866202 0.1110976766446855
0.1531894583045171 0.9098486121732187
1.779352766815723 1.051379124375727
1.424105669065193 0.2506483473394469
1.1023429059992 0.8154843620403686
1.034149201603968 0.1265785465869941
0.9897996068842861 1.047496213986717
1.115149800756719 0.1197085412806363
0.5467383664666489 0.7946294111858166
0.3375940758367716 0.3755164356169952
1.937432442220048 0.7597325269427307
0.281332511233599 0.9473206474991686
0.7642278634020182 1.489351547394397
0.2925978015830099 0.8186105261191764
1.399052437221771 0.2791992785852976
0.7637908725735832 0.7968511224786324
1.878183914861327 1.1234973076857
0.8821058661165767 0.07432690458995894
0.1251913107040704 1.106669012960209
1.673335042683233 0.2796516246540696
1.609566090482345 0.2749928032392367
0.6691793656180641 1.386494258524516
1.898188346675503 0.7998699838066631
1.052838012672923 0.8943440896044085
0.5363845912974151 1.606707442183168
1.682545554880411 1.499886103983077
0.983246665545258 0.4638889838099841
0.6709411300897842 1.358229919155645
1.109687124190055 0.05353976477013977
0.1567243041082874 0.4681182274948031
0.619636853983342 0.3487087290709937
0.4158917335515288 0.837888685834535
1.068136317013406 1.182185539438914
1.426280807968409 0.2729246838537162
1.584824438206597 0.9321293724205576
1.40691762661437 0.4146516226073099
1.158909788690658 0.4487664398411001
0.4520994651078859 0.7014108994021754
0.627960527134713 1.646628205731609
0.4510057549981618 0.2250579247027437
1.62525501105005 1.119717477601244
0.5822469749155598 1.726697253149749
1.329914905546894 1.652461015234838
0.7006759526133522 1.029430032300013
0.4752383033759159 0.7331142081758101
0.8669772710749971 1.632858179051111
1.425733181770979 0.1071543356558194
0.8030578555745839 0.643132822658354
0.3727978782631228 1.497695790240058
0.6735245542073226 1.871993857898631
0.94653935079006 1.935056242757839
0.9639789485829199 1.152159143648496
1.47009394364045 0.4614970655504905
1.414024076174218 1.312358130070834
1.534600990909927 0.3337987463771402
1.126444936535287 0.9670015424664563
0.7418954690493961 1.466043404705817
0.1859069551694946 0.6385759757806732
1.509576264893058 1.28695723841421
1.732367109606433 1.329509001407748
1.255016759198827 1.280101535302848
1.404088990767246 0.9692268978647308
0.3524310628391604 0.7265639691997375
1.70964774269958 1.24999665645815
1.857922368664852 0.9587209460684328
1.136871207361517 0.6315398424755828
0.8746609972147247 1.703051752489508
1.522235762285416 0.4236330680798078
1.013367348201668 1.270311850793035
1.300806459558059 0.8845508156937686
1.181410374135058 0.3133899766764286
1.074770093631566 0.1484006299410726
1.399381262672449 0.8263423144066099
0.468823525767038 0.4147654183441872
0.3158254236078998 0.5403794842839141
0.194082645564306 1.471446272975128
0.5361256475528323 1.535366170457489
0.208331217241409 1.058306334997885
0.02121307754571611 1.043523808182615
1.147022008279746 1.484649052037111
0.9040286460381209 0.8782099561781919
0.3262326213231458 0.6328716603377206
0.8173250302609673 0.263504145749797
0.8590181347407607 0.03705585039328307
1.077253374528871 1.607947589423987
1.033598427091309 0.1055856305869191
1.182986692286727 0.05405476800923459
0.5287638959270528 0.6995911146809913
1.610231509186481 0.5253093740825411
1.060537698700037 1.689715909447947
0.5914859519068808 0.2067613420808273
1.194437404130558 1.744371975007752
0.7634760178921288 1.84866186902849
0.09018598955273027 1.031683907894454
1.123411100663746 1.366716427150379
1.549365096226358 0.1717837050430616
0.9970430514510363 0.7535492299448211
0.9864058434051927 0.982919056533396
1.426889842843424 0.3806183008402263
0.6303276366451905 1.027574229599476
0.8285191562967306 0.4951572035395991
1.910820480690223 1.321718906639767
0.5365674282339196 0.8462952000459886
0.693442662269777 1.014573215141361
0.8532391095798694 1.796121128764226
1.933389942307475 1.278571800668385
0.6740315119569898 1.122038933824375
0.7096782055524403 1.45094519955129
1.952269688742561 1.173871311212519
0.2549356840553337 0.3560577345680646
0.156250469659785 0.5660135968745491
1.092692368837921 1.850426804140501
0.3105683291036069 0.8885914608515894
0.4407820122829788 1.701302550108398
0.007152535667875326 1.079402304881376
1.188593195502394 1.865436503659003
0.5304696903740375 0.5135452662854546
1.557087400174234 0.8415868263856484
1.040196040954353 0.9417758048988994
0.9734855426555465 1.257517907801094
1.556960267179479 1.737701684693463
0.404705593401871 0.5824918000693761
1.855415802069038 0.7224995844606391
1.222815561632417 0.0464764767187672
0.8889473853192692 1.44837741070009
0.5235363695112468 1.204685699798774
0.644118846986761 1.288091527362508
1.358365558195963 1.429774233676197
0.1079087262445507 1.05564657287797
1.446878741987073 1.881736540863104
1.375424330268567 1.535191794089241
1.110125655453776 0.5223198460540933
0.5217033277895858 0.5483639771346428
1.73339956410202 0.9849987450260719
0.1730529115946252 0.6161564933390994
0.8312553515898876 0.1504008966599616
0.6904875060356798 0.2064069288360418
0.3790966330201501 0.5458646960968713
0.404335513011392 1.403768424847453
1.942842814012113 1.242305834359663
1.692700459408165 1.136401750923461
0.8286725665908995 1.947853215049863
0.8037264673325936 0.7756295456153653
0.6883344164397817 0.4650618207302383
0.2200219399805677 1.57121815980615
0.664075783204254 0.8747470795496869
1.384948225501797 0.6565575747812548
1.051371237962423 1.232412977899224
1.512506465433642 0.244853633197781
1.604299793931477 1.507456503634498
1.656653156776104 0.419885382229214
0.8053484964059431 1.62279913135176
1.509881506489539 1.526139235006846
1.519158452164193 1.47639657208158
1.432028247388912 0.2638219011704229
1.653748255626159 1.651030441215213
0.05778458612116621 0.893415586713039
1.707758086866969 1.484524523807407
0.5831046306405988 1.562428232882936
1.872503477154805 0.9283163053053091
0.7179895100933972 1.907946414304572
1.220266178771306 0.2742250837279213
0.5702910083085219 1.364001935654924
1.512738055781796 0.3345359543311867
1.147996903010243 0.1925606948232655
0.9189157188750182 1.283995034979186
1.321658517275015 1.680187617643072
0.6993878842139335 1.895965473482886
1.056735415079919 1.661031199290998
1.177916541010906 0.7090074048420384
1.247197718110614 1.721802612076671
1.711820939156256 1.214208495495779
1.361647377939622 1.637333693028203
1.022302198729196 1.323898648088127
0.5568838014971874 1.083448457314729
0.5271691386165992 1.49023842456893
0.6839713938876236 0.09560220867177061
0.9188296047007604 0.5389188627951472
0.761015366906809 0.3284571944160938
1.785825611680812 0.5034644311288446
1.191648369218102 1.196429425590948
1.419096148042351 1.085335219384501
0.1169621605592429 1.083610713977701
1.45156519873438 1.285075065471199
1.35343503167351 1.515441539342174
0.3156265873571437 1.176706518043132
1.530502933303972 0.4931872365883826
0.7073355394506641 0.05525616280520118
0.404485597976126 0.2784069972286572
1.141372861600869 1.2693640140578
0.7718926967358472 1.058034780736897
0.9715356602805333 1.708174130745501
1.671249041568838 0.8783985233276276
1.177913349017461 0.2286626729139755
1.667876019289701 1.281031693224089
0.5459864799052722 1.255166253300476
0.9069827123748494 1.655503545977104
0.679352590919697 1.778719472224408
1.940449143212142 1.086906988827643
1.296826066914608 1.926059553576381
0.6190441977002116 0.5266104863245905
1.447029034083315 0.7859860622835652
0.5748949145593568 0.878913779671238
1.24240594577739 1.412326978544535
0.2825969277790222 1.053629896866573
1.364056761735566 1.622672532705432
1.628460615555193 0.6023607228774471
0.6649155589857402 1.866854041449748
1.932802722233756 1.246724259490435
0.2156989784022288 0.6905017081985266
0.5891891698221038 0.7053632498080448
0.7871279641420671 0.8749279274498835
0.971386505757876 0.9379352321691617
0.7273661285974634 1.323456240216361
0.6655616338501168 1.111360703552555
1.38594026557059 1.363000747052516
0.5392313584690341 1.47837001595091
0.7680891715798676 0.1184007114068294
1.114008317800381 0.5801170686120681
0.4892797494095696 0.226330665059835
0.3175201731990557 1.065133620415757
0.8986081613645654 0.08021998807055286
0.7160999222493168 1.068736475413864
1.555432079790926 1.695070316171557
0.3876668090105116 1.101311209984292
1.043027824736131 1.430194563571239
1.143398362958561 0.3729656397848627
0.9474779548362352 0.3118610816243991
0.2808989820307007 1.171100933054256
0.4140034735423771 1.796516888709625
0.06618298849217885 1.112031773966198
0.4518669776362004 0.2021856573932755
1.656727358826375 1.377061828906846
1.765092834249 1.47487289457044
1.534148970371201 1.191195815798024
0.7572520032109115 1.646218472287211
0.6744899378318233 0.8852319722088001
0.5573925370070733 0.842201712697677
0.7873656352884534 0.5362734449672827
1.218583234099556 1.566630407893703
1.494024176949233 1.219836983142347
0.6877650317273264 0.1794886009102731
1.611674503360467 1.011791550531344
0.4059021930135583 0.9907821623442455
1.438940434290086 0.3959363378880761
1.49279648701459 0.4064192255460378
1.354424566390285 0.3704035942439831
0.5674645003216042 0.6217707802777345
1.985427092377 1.063188656781024
1.895225165219149 1.049317340522441
0.3337742114638241 0.8732907097967487
0.4074403599535464 0.4587021336693876
1.081018801714755 0.3769295134173177
1.131795220995929 0.4519151126625364
0.2817738790699834 0.552447886270795
0.5302927632049487 1.826067945423462
1.748365500257135 1.498088710977574
0.4932448361919753 0.2952278779744847
1.053826254293244 0.65912481251064
0.9454406610629872 0.8179771301485467
1.579024482676296 0.6563463620395033
1.501184109490945 0.6050921255299245
0.480594481395579 1.457413500731499
1.615630316957606 1.166723934289514
0.5397260960515148 0.1663563321305542
0.6658793108014772 0.9525185758493272
0.7810545043114868 1.964701167272106
1.614198965526708 1.101702322074153
1.461634373872129 1.580201787028007
1.802408589285077 0.458487897129508
0.425267203009207 1.407887507347401
0.06978087848279502 1.171859603820603
1.882647510980404 1.251673192561089
0.5157387252698903 0.5214772876757884
1.420768752765674 1.896855370051628
0.8222541843226477 0.3563451645998029
1.300793716769824 0.9156120047882191
1.520708265269534 0.3663107616376572
0.9892658543302731 1.599063302299911
1.4832422525786 1.5515427251518
1.161601177106267 1.021186545944796
0.7474546052473 0.6114418117795689
0.1588780426782989 0.8958016537347154
0.2059912550150352 0.6628633891143426
0.1967039717873355 0.8750548981199612
0.527586599409546 1.24948273045783
0.8888820600144806 0.3695242512686437
0.7700263495452221 0.1470016337290511
1.154892079755911 0.7870939448143385
0.8792058983423024 1.39959419570985
0.5815135473692422 1.417262497021868
0.7331062812544803 0.09445331852411332
0.6390968793303585 1.425075062709142
1.463096101784991 1.594882362934817
1.551729077738517 1.737343911373003
1.349666373072062 1.394754643298068
1.728577223531904 0.5281422643234966
1.00117817478049 1.2555557196617
0.2671366721194463 0.3775598439666931
1.537799904117337 1.001792925867676
0.9235421821855226 1.406277139771398
1.883209259327774 1.461487496682688
1.386046477098235 1.212293998163337
1.264099117799929 1.113187469224194
0.1907078169549997 0.8297590377393743
0.2546799795964992 0.9951304676499965
0.3099634437522775 0.9254191799254147
1.555273440589667 0.7868765270790147
0.5828605377354182 0.7997565236313801
1.312214847514607 1.5356783985982
0.4132689144675784 0.2350716656923409
0.9608433525026491 1.654838247917464
1.3193067996096 1.360236100135664
0.9642006010810947 0.6228373369654961
0.8827749231696763 0.3593171201051603
0.3760366118804997 1.616101106016185
0.801350859188516 1.05494294507412
0.08922189968861038 0.8473425602120755
0.7915580217826731 0.7898326229789471
1.798156564043377 1.155446786845145
0.660318544924645 1.28222333460085
0.5121500447206514 1.857150281966687
0.4696799066354157 1.416651888599817
1.760561117164859 0.4546309672537815
0.8069205068879425 0.8065928941444626
1.612597123185086 0.7700764127873067
1.105967986051016 1.163413534658481
0.4211204835355594 1.709392138046136
0.5032173500777218 1.010991329299294
0.915088305918118 1.019019993463123
0.5320597993125008 1.673727093453946
0.6001319044360692 0.7754656585150855
0.05539343037798539 1.100420446023326
1.482014581110968 1.663804510736734
0.6427292851085024 1.328809393339471
0.7413451233956533 1.764990722383629
0.8896678009172027 0.5405360165995544
0.04563714675471175 0.7042100627050395
1.869286980883084 0.8513253282302516
1.176670216858237 1.639919550098127
0.322275240655069 0.6597912272469281
0.2132196683068225 0.920817193587706
0.618264262642846 1.443600996099522
0.6957000296816221 1.933989155235603
1.102068954632957 0.9984629353216997
1.039612328263725 0.410870862967181
0.7225528238953317 0.09734096953000237
1.605597669539174 0.7112427555295501
0.8326129195627666 0.8179313605220054
1.508479463744815 1.300973386474124
0.3379330965118609 1.332210113680131
0.6371852198389362 1.90129769420304
0.8339642645089412 1.863169512841474
1.167273716852351 1.646497063215463
1.500385780151585 1.424429154936073
0.8566602491289407 0.6215511796835197
1.74444184198234 1.635047473167409
0.9368524804001422 1.010912314257207
0.886157003479184 1.884802949132589
1.400531289848981 1.315108138248995
0.5273212281229119 1.308104104376442
1.090133107161861 1.972290792198157
0.5148615204003401 1.262823724167393
0.5793356520517047 0.8917124704591425
0.5194745443451972 0.9471040363406998
1.017488744953237 1.438880623627378
0.4447638500240266 0.9305127723866401
0.5254295232590441 1.193760105577934
0.7229511063743824 0.6546695246868101
1.179783080648968 1.336198066947923
0.2523906725197299 0.5931284560957325
0.8426390695171749 0.2761303806507661
1.13729606649933 1.281404885065208
0.5939233532493305 1.221904022038576
0.2050996298552347 0.4287038177400696
0.5640960096770374 0.5476729477058159
1.384060881686532 1.031563280696698
0.6777359145552532 1.859110899199939
1.021056519750885 0.2077027900731342
0.3193924395218118 0.4107096630176467
1.67867522958919 0.8726499346095021
0.547657096987144 0.1545183355854401
1.697125750476603 0.2978111287188011
0.8720063017891652 1.062992913381258
1.148343695056055 0.2555639937813247
1.641993065595237 1.151781369274626
0.8186073790587495 1.822537209043544
1.452426130923413 0.4036298005564972
1.643748633943709 1.063835242051644
1.389124571956203 0.4194459096281064
0.443797980605526 1.691825164055494
0.4359077956755982 1.620693028449638
1.885912559497497 1.218515609157789
1.517986959708141 1.609695613397761
1.009566168204278 1.748778482882165
0.861790401356009 0.723763175410428
0.2276821679315649 1.516468157617783
0.3072796718841265 0.3229547700732548
1.515001861985622 0.9394149440896796
0.340113212243187 0.916533471241762
1.342344394870541 0.7620572417720676
0.8284169813056984 0.6938564227507432
1.827355446132915 1.268073185022152
1.755485739157464 0.6153259674694421
1.303250402096448 0.9581317197892877
0.996173432909197 0.321953317983433
1.451060962648215 1.515585043218025
1.547310480366663 0.4092601447307177
0.5394267406004708 1.501085166116071
1.597358102210333 0.3947300868228371
1.323643591369668 1.187609786919961
1.241003448041321 0.308778155155453
0.8603659690107454 0.6157288599459602
0.3941451056300113 0.6563597934133548
1.709465573771901 0.9500008569231416
1.931485801785418 0.6657958265217417
1.267404470701036 1.510208232313226
1.486175000729105 1.447943033755567
0.6047975251005683 0.8300721235653447
0.733892606370293 0.3633666224819733
0.5688943380650971 0.8220745335218994
0.7889013927392389 1.536856907702768
1.140194526840628 0.7447196089840243
1.093468586744662 0.9474352316257312
0.7973021654253815 0.5897765354092771
1.590875511854086 1.302889253419226
1.471801006091151 0.6386821876092897
1.051121473387634 0.7530154773443497
0.6147920829474468 1.906299993911785
1.536012204350123 0.3031780172656996
1.158834552201153 0.5065630768096369
0.777214535416438 0.1607802751057713
0.3724921729205811 0.4233936598494598
1.10313032880491 0.7446093019425198
1.310322075438266 0.6557644462622928
0.8047373532061485 0.9510623792676532
0.9967356934755055 0.7091077602842192
0.4831191965344442 1.296411680564823
1.517471322873473 1.549055019454005
0.4186780614641835 0.3375817632610548
0.6022759514775474 0.7728262320057026
1.207329115065974 1.394355525316653
1.229708893608925 0.1582876737765643
1.281526754720239 1.217237255612821
0.4762811227253777 1.068011051910279
1.102356173961994 1.639953803017015
0.3503179771968931 1.658777054392582
1.848355650088525 0.6397273336935451
0.7329239677785265 1.758827887038228
0.4555298151650941 0.295737693592642
0.7631577716370784 0.5193873337769664
1.456180074043234 1.57011355663997
0.66975488415331 1.748218126772317
0.3261247954937186 0.4926759464099774
1.424673946373297 0.9358527045597594
1.86171550924701 0.9861138202287468
0.6370504314909197 1.682354267162702
0.4035755508522697 0.232255046241454
1.289708957683965 1.46591723061049
1.192192340848975 1.571302729707329
1.862434064384953 0.6247832356825554
0.3424353972129285 0.8708021860748262
1.179877851585459 1.829394944402726
1.456313231165403 1.503504222198048
0.6640330466511707 1.911536600681125
1.537098545957213 1.745191175848873
0.5697676783341891 1.454279929965437
0.5075050903069299 1.313055574802791
0.3405738990270147 0.7280452934601463
2.811917930933315 0.3223075093212125
3.547028556223169 0.7809232076949447
2.724345533164268 1.677392470810183
3.171158955927787 0.002688096076401636
2.554724446488565 1.678180845796176
3.62008476831183 0.5678501726972117
2.421411242250703 0.4457418099287268
3.263581252141476 1.065477205954424
2.818100007097535 0.4043718368877932
2.524328566581184 1.684822147051808
3.240083875725472 0.6767783209395194
2.546575241973005 1.149589001764944
2.796815609451045 1.32863597468871
2.973774808287573 0.8765138081444933
3.956525620360119 1.211611496772893
2.179217909678771 1.318159593507866
2.821222518158923 0.5025936947245645
3.869682310634134 1.540535837309194
2.616510736093835 1.42853857671274
3.673784652871273 0.9138256257508311
2.507607591381734 1.44568601648714
3.554032839839222 0.3876605223140083
3.537094465187952 0.1956571000692363
3.614837252926222 1.450683252663067
2.659039742849614 0.119566974215341
2.331210799454785 1.239302335074361
3.929875912157214 0.6520376210752673
3.54035883105526 0.6775916856155085
3.813899425982876 1.434290826280991
2.668317721232556 0.2992304900633055
3.091509155039765 1.726867363777474
2.88824094988662 0.1110976766446855
2.253189458304517 0.9098486121732187
3.879352766815723 1.051379124375727
3.524105669065194 0.2506483473394469
3.2023429059992 0.8154843620403686
3.134149201603968 0.1265785465869941
3.089799606884286 1.047496213986717
3.215149800756719 0.1197085412806363
2.646738366466649 0.7946294111858166
2.437594075836772 0.3755164356169952
4.037432442220048 0.7597325269427307
2.381332511233599 0.9473206474991686
2.864227863402018 1.489351547394397
2.39259780158301 0.8186105261191764
3.499052437221772 0.2791992785852976
2.863790872573583 0.7968511224786324
3.978183914861327 1.1234973076857
2.982105866116577 0.07432690458995894
2.225191310704071 1.106669012960209
3.773335042683233 0.2796516246540696
3.709566090482346 0.2749928032392367
2.769179365618064 1.386494258524516
3.998188346675503 0.7998699838066631
3.152838012672923 0.8943440896044085
2.636384591297415 1.606707442183168
3.782545554880411 1.499886103983077
3.083246665545258 0.4638889838099841
2.770941130089784 1.358229919155645
3.209687124190054 0.05353976477013977
2.256724304108288 0.4681182274948031
2.719636853983342 0.3487087290709937
2.515891733551529 0.837888685834535
3.168136317013406 1.182185539438914
3.526280807968409 0.2729246838537162
3.684824438206597 0.9321293724205576
3.50691762661437 0.4146516226073099
3.258909788690659 0.4487664398411001
2.552099465107886 0.7014108994021754
2.727960527134713 1.646628205731609
2.551005754998162 0.2250579247027437
3.72525501105005 1.119717477601244
2.68224697491556 1.726697253149749
3.429914905546894 1.652461015234838
2.800675952613352 1.029430032300013
2.575238303375916 0.7331142081758101
2.966977271074997 1.632858179051111
3.525733181770978 0.1071543356558194
2.903057855574584 0.643132822658354
2.472797878263123 1.497695790240058
2.773524554207323 1.871993857898631
3.04653935079006 1.935056242757839
3.06397894858292 1.152159143648496
3.57009394364045 0.4614970655504905
3.514024076174219 1.312358130070834
3.634600990909927 0.3337987463771402
3.226444936535287 0.9670015424664563
2.841895469049396 1.466043404705817
2.285906955169495 0.6385759757806732
3.609576264893058 1.28695723841421
3.832367109606433 1.329509001407748
3.355016759198827 1.280101535302848
3.504088990767246 0.9692268978647308
2.45243106283916 0.7265639691997375
3.80964774269958 1.24999665645815
3.957922368664852 0.9587209460684328
3.236871207361517 0.6315398424755828
2.974660997214725 1.703051752489508
3.622235762285416 0.4236330680798078
3.113367348201668 1.270311850793035
3.400806459558059 0.8845508156937686
3.281410374135058 0.3133899766764286
3.174770093631566 0.1484006299410726
3.499381262672449 0.8263423144066099
2.568823525767038 0.4147654183441872
2.4158254236079 0.5403794842839141
2.294082645564306 1.471446272975128
2.636125647552833 1.535366170457489
2.308331217241409 1.058306334997885
2.121213077545716 1.043523808182615
3.247022008279746 1.484649052037111
3.004028646038121 0.8782099561781919
2.426232621323146 0.6328716603377206
2.917325030260967 0.263504145749797
2.959018134740761 0.03705585039328307
3.177253374528871 1.607947589423987
3.133598427091309 0.1055856305869191
3.282986692286727 0.05405476800923459
2.628763895927053 0.6995911146809913
3.710231509186481 0.5253093740825411
3.160537698700037 1.689715909447947
2.691485951906881 0.2067613420808273
3.294437404130559 1.744371975007752
2.863476017892129 1.84866186902849
2.19018598955273 1.031683907894454
3.223411100663746 1.366716427150379
3.649365096226358 0.1717837050430616
3.097043051451037 0.7535492299448211
3.086405843405193 0.982919056533396
3.526889842843424 0.3806183008402263
2.730327636645191 1.027574229599476
2.928519156296731 0.4951572035395991
4.010820480690223 1.321718906639767
2.63656742823392 0.8462952000459886
2.793442662269777 1.014573215141361
2.95323910957987 1.796121128764226
4.033389942307474 1.278571800668385
2.77403151195699 1.122038933824375
2.80967820555244 1.45094519955129
4.052269688742561 1.173871311212519
2.354935684055334 0.3560577345680646
2.256250469659785 0.5660135968745491
3.192692368837921 1.850426804140501
2.410568329103607 0.8885914608515894
2.540782012282979 1.701302550108398
2.107152535667876 1.079402304881376
3.288593195502394 1.865436503659003
2.630469690374038 0.5135452662854546
3.657087400174234 0.8415868263856484
3.140196040954353 0.9417758048988994
3.073485542655547 1.257517907801094
3.656960267179479 1.737701684693463
2.504705593401871 0.5824918000693761
3.955415802069038 0.7224995844606391
3.322815561632417 0.0464764767187672
2.988947385319269 1.44837741070009
2.623536369511247 1.204685699798774
2.744118846986761 1.288091527362508
3.458365558195964 1.429774233676197
2.207908726244551 1.05564657287797
3.546878741987074 1.881736540863104
3.475424330268567 1.535191794089241
3.210125655453775 0.5223198460540933
2.621703327789586 0.5483639771346428
3.83339956410202 0.9849987450260719
2.273052911594625 0.6161564933390994
2.931255351589888 0.1504008966599616
2.79048750603568 0.2064069288360418
2.47909663302015 0.5458646960968713
2.504335513011392 1.403768424847453
4.042842814012113 1.242305834359663
3.792700459408165 1.136401750923461
2.9286725665909 1.947853215049863
2.903726467332594 0.7756295456153653
2.788334416439782 0.4650618207302383
2.320021939980568 1.57121815980615
2.764075783204254 0.8747470795496869
3.484948225501797 0.6565575747812548
3.151371237962423 1.232412977899224
3.612506465433643 0.244853633197781
3.704299793931477 1.507456503634498
3.756653156776104 0.419885382229214
2.905348496405943 1.62279913135176
3.609881506489539 1.526139235006846
3.619158452164193 1.47639657208158
3.532028247388912 0.2638219011704229
3.753748255626159 1.651030441215213
2.157784586121166 0.893415586713039
3.807758086866969 1.484524523807407
2.683104630640599 1.562428232882936
3.972503477154806 0.9283163053053091
2.817989510093397 1.907946414304572
3.320266178771306 0.2742250837279213
2.670291008308522 1.364001935654924
3.612738055781796 0.3345359543311867
3.247996903010243 0.1925606948232655
3.018915718875018 1.283995034979186
3.421658517275015 1.680187617643072
2.799387884213933 1.895965473482886
3.156735415079919 1.661031199290998
3.277916541010906 0.7090074048420384
3.347197718110614 1.721802612076671
3.811820939156256 1.214208495495779
3.461647377939622 1.637333693028203
3.122302198729196 1.323898648088127
2.656883801497187 1.083448457314729
2.627169138616599 1.49023842456893
2.783971393887624 0.09560220867177061
3.01882960470076 0.5389188627951472
2.861015366906809 0.3284571944160938
3.885825611680812 0.5034644311288446
3.291648369218102 1.196429425590948
3.519096148042351 1.085335219384501
2.216962160559243 1.083610713977701
3.55156519873438 1.285075065471199
3.45343503167351 1.515441539342174
2.415626587357144 1.176706518043132
3.630502933303972 0.4931872365883826
2.807335539450664 0.05525616280520118
2.504485597976126 0.2784069972286572
3.241372861600869 1.2693640140578
2.871892696735847 1.058034780736897
3.071535660280533 1.708174130745501
3.771249041568838 0.8783985233276276
3.277913349017461 0.2286626729139755
3.767876019289701 1.281031693224089
2.645986479905272 1.255166253300476
3.00698271237485 1.655503545977104
2.779352590919697 1.778719472224408
4.040449143212142 1.086906988827643
3.396826066914608 1.926059553576381
2.719044197700212 0.5266104863245905
3.547029034083315 0.7859860622835652
2.674894914559357 0.878913779671238
3.34240594577739 1.412326978544535
2.382596927779022 1.053629896866573
3.464056761735566 1.622672532705432
3.728460615555193 0.6023607228774471
2.76491555898574 1.866854041449748
4.032802722233757 1.246724259490435
2.315698978402229 0.6905017081985266
2.689189169822104 0.7053632498080448
2.887127964142067 0.8749279274498835
3.071386505757876 0.9379352321691617
2.827366128597463 1.323456240216361
2.765561633850117 1.111360703552555
3.48594026557059 1.363000747052516
2.639231358469034 1.47837001595091
2.868089171579868 0.1184007114068294
3.214008317800381 0.5801170686120681
2.58927974940957 0.226330665059835
2.417520173199056 1.065133620415757
2.998608161364566 0.08021998807055286
2.816099922249317 1.068736475413864
3.655432079790926 1.695070316171557
2.487666809010512 1.101311209984292
3.143027824736131 1.430194563571239
3.243398362958561 0.3729656397848627
3.047477954836235 0.3118610816243991
2.380898982030701 1.171100933054256
2.514003473542377 1.796516888709625
2.166182988492179 1.112031773966198
2.5518669776362 0.2021856573932755
3.756727358826375 1.377061828906846
3.865092834248999 1.47487289457044
3.634148970371201 1.191195815798024
2.857252003210911 1.646218472287211
2.774489937831823 0.8852319722088001
2.657392537007073 0.842201712697677
2.887365635288453 0.5362734449672827
3.318583234099556 1.566630407893703
3.594024176949233 1.219836983142347
2.787765031727326 0.1794886009102731
3.711674503360467 1.011791550531344
2.505902193013558 0.9907821623442455
3.538940434290086 0.3959363378880761
3.59279648701459 0.4064192255460378
3.454424566390285 0.3704035942439831
2.667464500321604 0.6217707802777345
4.085427092377 1.063188656781024
3.995225165219149 1.049317340522441
2.433774211463824 0.8732907097967487
2.507440359953546 0.4587021336693876
3.181018801714755 0.3769295134173177
3.23179522099593 0.4519151126625364
2.381773879069983 0.552447886270795
2.630292763204949 1.826067945423462
3.848365500257136 1.498088710977574
2.593244836191976 0.2952278779744847
3.153826254293244 0.65912481251064
3.045440661062987 0.8179771301485467
3.679024482676296 0.6563463620395033
3.601184109490945 0.6050921255299245
2.580594481395579 1.457413500731499
3.715630316957606 1.166723934289514
2.639726096051515 0.1663563321305542
2.765879310801477 0.9525185758493272
2.881054504311487 1.964701167272106
3.714198965526708 1.101702322074153
3.561634373872129 1.580201787028007
3.902408589285077 0.458487897129508
2.525267203009207 1.407887507347401
2.169780878482795 1.171859603820603
3.982647510980404 1.251673192561089
2.61573872526989 0.5214772876757884
3.520768752765674 1.896855370051628
2.922254184322648 0.3563451645998029
3.400793716769825 0.9156120047882191
3.620708265269534 0.3663107616376572
3.089265854330273 1.599063302299911
3.5832422525786 1.5515427251518
3.261601177106267 1.021186545944796
2.8474546052473 0.6114418117795689
2.258878042678299 0.8958016537347154
2.305991255015035 0.6628633891143426
2.296703971787335 0.8750548981199612
2.627586599409546 1.24948273045783
2.988882060014481 0.3695242512686437
2.870026349545222 0.1470016337290511
3.254892079755911 0.7870939448143385
2.979205898342303 1.39959419570985
2.681513547369242 1.417262497021868
2.83310628125448 0.09445331852411332
2.739096879330359 1.425075062709142
3.563096101784991 1.594882362934817
3.651729077738517 1.737343911373003
3.449666373072062 1.394754643298068
3.828577223531904 0.5281422643234966
3.101178174780491 1.2555557196617
2.367136672119446 0.3775598439666931
3.637799904117337 1.001792925867676
3.023542182185523 1.406277139771398
3.983209259327774 1.461487496682688
3.486046477098235 1.212293998163337
3.364099117799929 1.113187469224194
2.290707816955 0.8297590377393743
2.354679979596499 0.9951304676499965
2.409963443752277 0.9254191799254147
3.655273440589667 0.7868765270790147
2.682860537735418 0.7997565236313801
3.412214847514607 1.5356783985982
2.513268914467579 0.2350716656923409
3.060843352502649 1.654838247917464
3.4193067996096 1.360236100135664
3.064200601081095 0.6228373369654961
2.982774923169676 0.3593171201051603
2.4760366118805 1.616101106016185
2.901350859188516 1.05494294507412
2.189221899688611 0.8473425602120755
2.891558021782673 0.7898326229789471
3.898156564043377 1.155446786845145
2.760318544924645 1.28222333460085
2.612150044720651 1.857150281966687
2.569679906635416 1.416651888599817
3.860561117164859 0.4546309672537815
2.906920506887943 0.8065928941444626
3.712597123185086 0.7700764127873067
3.205967986051016 1.163413534658481
2.521120483535559 1.709392138046136
2.603217350077722 1.010991329299294
3.015088305918118 1.019019993463123
2.632059799312501 1.673727093453946
2.700131904436069 0.7754656585150855
2.155393430377985 1.100420446023326
3.582014581110968 1.663804510736734
2.742729285108502 1.328809393339471
2.841345123395653 1.764990722383629
2.989667800917203 0.5405360165995544
2.145637146754712 0.7042100627050395
3.969286980883084 0.8513253282302516
3.276670216858237 1.639919550098127
2.422275240655069 0.6597912272469281
2.313219668306822 0.920817193587706
2.718264262642846 1.443600996099522
2.795700029681622 1.933989155235603
3.202068954632957 0.9984629353216997
3.139612328263725 0.410870862967181
2.822552823895332 0.09734096953000237
3.705597669539174 0.7112427555295501
2.932612919562767 0.8179313605220054
3.608479463744815 1.300973386474124
2.437933096511861 1.332210113680131
2.737185219838936 1.90129769420304
2.933964264508941 1.863169512841474
3.267273716852351 1.646497063215463
3.600385780151585 1.424429154936073
2.956660249128941 0.6215511796835197
3.84444184198234 1.635047473167409
3.036852480400142 1.010912314257207
2.986157003479184 1.884802949132589
3.500531289848981 1.315108138248995
2.627321228122912 1.308104104376442
3.190133107161861 1.972290792198157
2.61486152040034 1.262823724167393
2.679335652051705 0.8917124704591425
2.619474544345197 0.9471040363406998
3.117488744953237 1.438880623627378
2.544763850024027 0.9305127723866401
2.625429523259044 1.193760105577934
2.822951106374382 0.6546695246868101
3.279783080648968 1.336198066947923
2.35239067251973 0.5931284560957325
2.942639069517175 0.2761303806507661
3.23729606649933 1.281404885065208
2.693923353249331 1.221904022038576
2.305099629855235 0.4287038177400696
2.664096009677038 0.5476729477058159
3.484060881686532 1.031563280696698
2.777735914555253 1.859110899199939
3.121056519750885 0.2077027900731342
2.419392439521812 0.4107096630176467
3.77867522958919 0.8726499346095021
2.647657096987144 0.1545183355854401
3.797125750476603 0.2978111287188011
2.972006301789165 1.062992913381258
3.248343695056056 0.2555639937813247
3.741993065595237 1.151781369274626
2.918607379058749 1.822537209043544
3.552426130923413 0.4036298005564972
3.743748633943709 1.063835242051644
3.489124571956203 0.4194459096281064
2.543797980605526 1.691825164055494
2.535907795675598 1.620693028449638
3.985912559497497 1.218515609157789
3.617986959708141 1.609695613397761
3.109566168204279 1.748778482882165
2.961790401356009 0.723763175410428
2.327682167931565 1.516468157617783
2.407279671884127 0.3229547700732548
3.615001861985622 0.9394149440896796
2.440113212243187 0.916533471241762
3.442344394870541 0.7620572417720676
2.928416981305698 0.6938564227507432
3.927355446132915 1.268073185022152
3.855485739157464 0.6153259674694421
3.403250402096448 0.9581317197892877
3.096173432909197 0.321953317983433
3.551060962648215 1.515585043218025
3.647310480366663 0.4092601447307177
2.639426740600471 1.501085166116071
3.697358102210333 0.3947300868228371
3.423643591369668 1.187609786919961
3.341003448041321 0.308778155155453
2.960365969010745 0.6157288599459602
2.494145105630011 0.6563597934133548
3.809465573771901 0.9500008569231416
4.031485801785418 0.6657958265217417
3.367404470701036 1.510208232313226
3.586175000729106 1.447943033755567
2.704797525100568 0.8300721235653447
2.833892606370293 0.3633666224819733
2.668894338065097 0.8220745335218994
2.888901392739239 1.536856907702768
3.240194526840628 0.7447196089840243
3.193468586744662 0.9474352316257312
2.897302165425382 0.5897765354092771
3.690875511854086 1.302889253419226
3.57180100609115 0.6386821876092897
3.151121473387634 0.7530154773443497
2.714792082947447 1.906299993911785
3.636012204350124 0.3031780172656996
3.258834552201153 0.5065630768096369
2.877214535416438 0.1607802751057713
2.472492172920581 0.4233936598494598
3.20313032880491 0.7446093019425198
3.410322075438266 0.6557644462622928
2.904737353206149 0.9510623792676532
3.096735693475506 0.7091077602842192
2.583119196534444 1.296411680564823
3.617471322873473 1.549055019454005
2.518678061464183 0.3375817632610548
2.702275951477548 0.7728262320057026
3.307329115065974 1.394355525316653
3.329708893608925 0.1582876737765643
3.381526754720239 1.217237255612821
2.576281122725378 1.068011051910279
3.202356173961994 1.639953803017015
2.450317977196893 1.658777054392582
3.948355650088526 0.6397273336935451
2.832923967778527 1.758827887038228
2.555529815165094 0.295737693592642
2.863157771637078 0.5193873337769664
3.556180074043234 1.57011355663997
2.76975488415331 1.748218126772317
2.426124795493719 0.4926759464099774
3.524673946373297 0.9358527045597594
3.96171550924701 0.9861138202287468
2.73705043149092 1.682354267162702
2.50357555085227 0.232255046241454
3.389708957683966 1.46591723061049
3.292192340848975 1.571302729707329
3.962434064384952 0.6247832356825554
2.442435397212928 0.8708021860748262
3.279877851585459 1.829394944402726
3.556313231165403 1.503504222198048
2.764033046651171 1.911536600681125
3.637098545957213 1.745191175848873
2.669767678334189 1.454279929965437
2.60750509030693 1.313055574802791
2.440573899027015 0.7280452934601463
0.7119179309333147 2.422307509321213
1.447028556223169 2.880923207694945
0.6243455331642681 3.777392470810183
1.071158955927787 2.102688096076402
0.454724446488565 3.778180845796176
1.520084768311829 2.667850172697212
0.3214112422507026 2.545741809928727
1.163581252141476 3.165477205954424
0.7181000070975349 2.504371836887793
0.4243285665811839 3.784822147051808
1.140083875725471 2.77677832093952
0.4465752419730048 3.249589001764944
0.6968156094510446 3.42863597468871
0.8737748082875728 2.976513808144493
1.856525620360119 3.311611496772893
0.07921790967877074 3.418159593507867
0.7212225181589228 2.602593694724565
1.769682310634134 3.640535837309193
0.5165107360938345 3.52853857671274
1.573784652871273 3.013825625750831
0.4076075913817342 3.54568601648714
1.454032839839222 2.487660522314008
1.437094465187952 2.295657100069236
1.514837252926222 3.550683252663067
0.559039742849614 2.219566974215341
0.2312107994547846 3.339302335074361
1.829875912157214 2.752037621075267
1.44035883105526 2.777591685615509
1.713899425982876 3.534290826280991
0.5683177212325558 2.399230490063306
0.9915091550397651 3.826867363777474
0.7882409498866202 2.211097676644686
0.1531894583045171 3.009848612173219
1.779352766815723 3.151379124375727
1.424105669065193 2.350648347339447
1.1023429059992 2.915484362040369
1.034149201603968 2.226578546586994
0.9897996068842861 3.147496213986717
1.115149800756719 2.219708541280637
0.5467383664666489 2.894629411185817
0.3375940758367716 2.475516435616995
1.937432442220048 2.859732526942731
0.281332511233599 3.047320647499169
0.7642278634020182 3.589351547394397
0.2925978015830099 2.918610526119176
1.399052437221771 2.379199278585298
0.7637908725735832 2.896851122478632
1.878183914861327 3.2234973076857
0.8821058661165767 2.174326904589959
0.1251913107040704 3.206669012960209
1.673335042683233 2.37965162465407
1.609566090482345 2.374992803239237
0.6691793656180641 3.486494258524516
1.898188346675503 2.899869983806663
1.052838012672923 2.994344089604409
0.5363845912974151 3.706707442183168
1.682545554880411 3.599886103983077
0.983246665545258 2.563888983809984
0.6709411300897842 3.458229919155645
1.109687124190055 2.15353976477014
0.1567243041082874 2.568118227494803
0.619636853983342 2.448708729070994
0.4158917335515288 2.937888685834535
1.068136317013406 3.282185539438914
1.426280807968409 2.372924683853716
1.584824438206597 3.032129372420558
1.40691762661437 2.51465162260731
1.158909788690658 2.5487664398411
0.4520994651078859 2.801410899402176
0.627960527134713 3.746628205731609
0.4510057549981618 2.325057924702744
1.62525501105005 3.219717477601244
0.5822469749155598 3.826697253149749
1.329914905546894 3.752461015234838
0.7006759526133522 3.129430032300013
0.4752383033759159 2.83311420817581
0.8669772710749971 3.732858179051111
1.425733181770979 2.20715433565582
0.8030578555745839 2.743132822658354
0.3727978782631228 3.597695790240058
0.6735245542073226 3.971993857898631
0.94653935079006 4.03505624275784
0.9639789485829199 3.252159143648496
1.47009394364045 2.561497065550491
1.414024076174218 3.412358130070834
1.534600990909927 2.43379874637714
1.126444936535287 3.067001542466457
0.7418954690493961 3.566043404705817
0.1859069551694946 2.738575975780673
1.509576264893058 3.38695723841421
1.732367109606433 3.429509001407748
1.255016759198827 3.380101535302848
1.404088990767246 3.069226897864731
0.3524310628391604 2.826563969199738
1.70964774269958 3.34999665645815
1.857922368664852 3.058720946068433
1.136871207361517 2.731539842475583
0.8746609972147247 3.803051752489508
1.522235762285416 2.523633068079808
1.013367348201668 3.370311850793035
1.300806459558059 2.984550815693769
1.181410374135058 2.413389976676429
1.074770093631566 2.248400629941073
1.399381262672449 2.92634231440661
0.468823525767038 2.514765418344187
0.3158254236078998 2.640379484283914
0.194082645564306 3.571446272975128
0.5361256475528323 3.635366170457489
0.208331217241409 3.158306334997885
0.02121307754571611 3.143523808182615
1.147022008279746 3.584649052037111
0.9040286460381209 2.978209956178192
0.3262326213231458 2.732871660337721
0.8173250302609673 2.363504145749797
0.8590181347407607 2.137055850393283
1.077253374528871 3.707947589423987
1.033598427091309 2.205585630586919
1.182986692286727 2.154054768009235
0.5287638959270528 2.799591114680991
1.610231509186481 2.625309374082541
1.060537698700037 3.789715909447947
0.5914859519068808 2.306761342080828
1.194437404130558 3.844371975007752
0.7634760178921288 3.94866186902849
0.09018598955273027 3.131683907894454
1.123411100663746 3.466716427150379
1.549365096226358 2.271783705043062
0.9970430514510363 2.853549229944821
0.9864058434051927 3.082919056533396
1.426889842843424 2.480618300840226
0.6303276366451905 3.127574229599476
0.8285191562967306 2.595157203539599
1.910820480690223 3.421718906639768
0.5365674282339196 2.946295200045989
0.693442662269777 3.114573215141362
0.8532391095798694 3.896121128764226
1.933389942307475 3.378571800668385
0.6740315119569898 3.222038933824375
0.7096782055524403 3.55094519955129
1.952269688742561 3.273871311212519
0.2549356840553337 2.456057734568065
0.156250469659785 2.666013596874549
1.092692368837921 3.950426804140501
0.3105683291036069 2.988591460851589
0.4407820122829788 3.801302550108399
0.007152535667875326 3.179402304881376
1.188593195502394 3.965436503659003
0.5304696903740375 2.613545266285455
1.557087400174234 2.941586826385648
1.040196040954353 3.041775804898899
0.9734855426555465 3.357517907801094
1.556960267179479 3.837701684693463
0.404705593401871 2.682491800069376
1.855415802069038 2.822499584460639
1.222815561632417 2.146476476718767
0.8889473853192692 3.54837741070009
0.5235363695112468 3.304685699798774
0.644118846986761 3.388091527362509
1.358365558195963 3.529774233676197
0.1079087262445507 3.155646572877971
1.446878741987073 3.981736540863104
1.375424330268567 3.63519179408924
1.110125655453776 2.622319846054094
0.5217033277895858 2.648363977134643
1.73339956410202 3.084998745026072
0.1730529115946252 2.7161564933391
0.8312553515898876 2.250400896659962
0.6904875060356798 2.306406928836042
0.3790966330201501 2.645864696096871
0.404335513011392 3.503768424847453
1.942842814012113 3.342305834359663
1.692700459408165 3.236401750923461
0.8286725665908995 4.047853215049863
0.8037264673325936 2.875629545615365
0.6883344164397817 2.565061820730238
0.2200219399805677 3.67121815980615
0.664075783204254 2.974747079549687
1.384948225501797 2.756557574781255
1.051371237962423 3.332412977899224
1.512506465433642 2.344853633197781
1.604299793931477 3.607456503634499
1.656653156776104 2.519885382229214
0.8053484964059431 3.72279913135176
1.509881506489539 3.626139235006846
1.519158452164193 3.57639657208158
1.432028247388912 2.363821901170423
1.653748255626159 3.751030441215213
0.05778458612116621 2.993415586713039
1.707758086866969 3.584524523807407
0.5831046306405988 3.662428232882936
1.872503477154805 3.028316305305309
0.7179895100933972 4.007946414304572
1.220266178771306 2.374225083727922
0.5702910083085219 3.464001935654924
1.512738055781796 2.434535954331187
1.147996903010243 2.292560694823266
0.9189157188750182 3.383995034979186
1.321658517275015 3.780187617643072
0.6993878842139335 3.995965473482886
1.056735415079919 3.761031199290998
1.177916541010906 2.809007404842038
1.247197718110614 3.821802612076671
1.711820939156256 3.314208495495779
1.361647377939622 3.737333693028203
1.022302198729196 3.423898648088127
0.5568838014971874 3.183448457314729
0.5271691386165992 3.59023842456893
0.6839713938876236 2.195602208671771
0.9188296047007604 2.638918862795147
0.761015366906809 2.428457194416094
1.785825611680812 2.603464431128845
1.191648369218102 3.296429425590948
1.419096148042351 3.185335219384501
0.1169621605592429 3.183610713977701
1.45156519873438 3.385075065471199
1.35343503167351 3.615441539342174
0.3156265873571437 3.276706518043132
1.530502933303972 2.593187236588383
0.7073355394506641 2.155256162805201
0.404485597976126 2.378406997228657
1.141372861600869 3.369364014057799
0.7718926967358472 3.158034780736898
0.9715356602805333 3.808174130745501
1.671249041568838 2.978398523327628
1.177913349017461 2.328662672913976
1.667876019289701 3.381031693224089
0.5459864799052722 3.355166253300476
0.9069827123748494 3.755503545977104
0.679352590919697 3.878719472224408
1.940449143212142 3.186906988827643
1.296826066914608 4.026059553576381
0.6190441977002116 2.626610486324591
1.447029034083315 2.885986062283565
0.5748949145593568 2.978913779671238
1.24240594577739 3.512326978544535
0.2825969277790222 3.153629896866573
1.364056761735566 3.722672532705432
1.628460615555193 2.702360722877447
0.6649155589857402 3.966854041449748
1.932802722233756 3.346724259490435
0.2156989784022288 2.790501708198527
0.5891891698221038 2.805363249808045
0.7871279641420671 2.974927927449884
0.971386505757876 3.037935232169162
0.7273661285974634 3.42345624021636
0.6655616338501168 3.211360703552555
1.38594026557059 3.463000747052516
0.5392313584690341 3.57837001595091
0.7680891715798676 2.218400711406829
1.114008317800381 2.680117068612068
0.4892797494095696 2.326330665059835
0.3175201731990557 3.165133620415757
0.8986081613645654 2.180219988070553
0.7160999222493168 3.168736475413864
1.555432079790926 3.795070316171557
0.3876668090105116 3.201311209984292
1.043027824736131 3.530194563571239
1.143398362958561 2.472965639784863
0.9474779548362352 2.411861081624399
0.2808989820307007 3.271100933054256
0.4140034735423771 3.896516888709625
0.06618298849217885 3.212031773966198
0.4518669776362004 2.302185657393276
1.656727358826375 3.477061828906846
1.765092834249 3.57487289457044
1.534148970371201 3.291195815798025
0.7572520032109115 3.746218472287211
0.6744899378318233 2.9852319722088
0.5573925370070733 2.942201712697677
0.7873656352884534 2.636273444967283
1.218583234099556 3.666630407893703
1.494024176949233 3.319836983142348
0.6877650317273264 2.279488600910273
1.611674503360467 3.111791550531344
0.4059021930135583 3.090782162344246
1.438940434290086 2.495936337888076
1.49279648701459 2.506419225546038
1.354424566390285 2.470403594243983
0.5674645003216042 2.721770780277735
1.985427092377 3.163188656781024
1.895225165219149 3.149317340522441
0.3337742114638241 2.973290709796749
0.4074403599535464 2.558702133669388
1.081018801714755 2.476929513417318
1.131795220995929 2.551915112662536
0.2817738790699834 2.652447886270795
0.5302927632049487 3.926067945423462
1.748365500257135 3.598088710977574
0.4932448361919753 2.395227877974485
1.053826254293244 2.75912481251064
0.9454406610629872 2.917977130148547
1.579024482676296 2.756346362039503
1.501184109490945 2.705092125529925
0.480594481395579 3.557413500731499
1.615630316957606 3.266723934289514
0.5397260960515148 2.266356332130554
0.6658793108014772 3.052518575849327
0.7810545043114868 4.064701167272106
1.614198965526708 3.201702322074153
1.461634373872129 3.680201787028007
1.802408589285077 2.558487897129508
0.425267203009207 3.507887507347401
0.06978087848279502 3.271859603820602
1.882647510980404 3.351673192561089
0.5157387252698903 2.621477287675789
1.420768752765674 3.996855370051628
0.8222541843226477 2.456345164599803
1.300793716769824 3.015612004788219
1.520708265269534 2.466310761637657
0.9892658543302731 3.699063302299912
1.4832422525786 3.6515427251518
1.161601177106267 3.121186545944796
0.7474546052473 2.711441811779569
0.1588780426782989 2.995801653734715
0.2059912550150352 2.762863389114343
0.1967039717873355 2.975054898119961
0.527586599409546 3.349482730457829
0.8888820600144806 2.469524251268644
0.7700263495452221 2.247001633729051
1.154892079755911 2.887093944814338
0.8792058983423024 3.49959419570985
0.5815135473692422 3.517262497021869
0.7331062812544803 2.194453318524114
0.6390968793303585 3.525075062709142
1.463096101784991 3.694882362934818
1.551729077738517 3.837343911373003
1.349666373072062 3.494754643298068
1.728577223531904 2.628142264323497
1.00117817478049 3.3555557196617
0.2671366721194463 2.477559843966693
1.537799904117337 3.101792925867676
0.9235421821855226 3.506277139771398
1.883209259327774 3.561487496682688
1.386046477098235 3.312293998163337
1.264099117799929 3.213187469224194
0.1907078169549997 2.929759037739375
0.2546799795964992 3.095130467649997
0.3099634437522775 3.025419179925415
1.555273440589667 2.886876527079015
0.5828605377354182 2.89975652363138
1.312214847514607 3.6356783985982
0.4132689144675784 2.335071665692341
0.9608433525026491 3.754838247917464
1.3193067996096 3.460236100135663
0.9642006010810947 2.722837336965496
0.8827749231696763 2.45931712010516
0.3760366118804997 3.716101106016184
0.801350859188516 3.15494294507412
0.08922189968861038 2.947342560212076
0.7915580217826731 2.889832622978947
1.798156564043377 3.255446786845145
0.660318544924645 3.382223334600851
0.5121500447206514 3.957150281966688
0.4696799066354157 3.516651888599816
1.760561117164859 2.554630967253781
0.8069205068879425 2.906592894144463
1.612597123185086 2.870076412787307
1.105967986051016 3.263413534658481
0.4211204835355594 3.809392138046136
0.5032173500777218 3.110991329299295
0.915088305918118 3.119019993463124
0.5320597993125008 3.773727093453946
0.6001319044360692 2.875465658515086
0.05539343037798539 3.200420446023327
1.482014581110968 3.763804510736734
0.6427292851085024 3.428809393339471
0.7413451233956533 3.864990722383629
0.8896678009172027 2.640536016599555
0.04563714675471175 2.80421006270504
1.869286980883084 2.951325328230252
1.176670216858237 3.739919550098127
0.322275240655069 2.759791227246928
0.2132196683068225 3.020817193587706
0.618264262642846 3.543600996099523
0.6957000296816221 4.033989155235603
1.102068954632957 3.0984629353217
1.039612328263725 2.510870862967181
0.7225528238953317 2.197340969530003
1.605597669539174 2.81124275552955
0.8326129195627666 2.917931360522005
1.508479463744815 3.400973386474123
0.3379330965118609 3.432210113680132
0.6371852198389362 4.00129769420304
0.8339642645089412 3.963169512841474
1.167273716852351 3.746497063215463
1.500385780151585 3.524429154936073
0.8566602491289407 2.72155117968352
1.74444184198234 3.735047473167409
0.9368524804001422 3.110912314257207
0.886157003479184 3.984802949132589
1.400531289848981 3.415108138248995
0.5273212281229119 3.408104104376442
1.090133107161861 4.072290792198157
0.5148615204003401 3.362823724167392
0.5793356520517047 2.991712470459142
0.5194745443451972 3.0471040363407
1.017488744953237 3.538880623627378
0.4447638500240266 3.03051277238664
0.5254295232590441 3.293760105577934
0.7229511063743824 2.75466952468681
1.179783080648968 3.436198066947923
0.2523906725197299 2.693128456095732
0.8426390695171749 2.376130380650766
1.13729606649933 3.381404885065208
0.5939233532493305 3.321904022038576
0.2050996298552347 2.52870381774007
0.5640960096770374 2.647672947705816
1.384060881686532 3.131563280696698
0.6777359145552532 3.959110899199938
1.021056519750885 2.307702790073134
0.3193924395218118 2.510709663017647
1.67867522958919 2.972649934609502
0.547657096987144 2.25451833558544
1.697125750476603 2.397811128718801
0.8720063017891652 3.162992913381258
1.148343695056055 2.355563993781325
1.641993065595237 3.251781369274626
0.8186073790587495 3.922537209043544
1.452426130923413 2.503629800556497
1.643748633943709 3.163835242051644
1.389124571956203 2.519445909628106
0.443797980605526 3.791825164055494
0.4359077956755982 3.720693028449638
1.885912559497497 3.318515609157789
1.517986959708141 3.709695613397761
1.009566168204278 3.848778482882165
0.861790401356009 2.823763175410428
0.2276821679315649 3.616468157617783
0.3072796718841265 2.422954770073255
1.515001861985622 3.03941494408968
0.340113212243187 3.016533471241762
1.342344394870541 2.862057241772068
0.8284169813056984 2.793856422750743
1.827355446132915 3.368073185022153
1.755485739157464 2.715325967469442
1.303250402096448 3.058131719789288
0.996173432909197 2.421953317983433
1.451060962648215 3.615585043218025
1.547310480366663 2.509260144730718
0.5394267406004708 3.601085166116071
1.597358102210333 2.494730086822837
1.323643591369668 3.287609786919961
1.241003448041321 2.408778155155453
0.8603659690107454 2.71572885994596
0.3941451056300113 2.756359793413355
1.709465573771901 3.050000856923142
1.931485801785418 2.765795826521742
1.267404470701036 3.610208232313226
1.486175000729105 3.547943033755567
0.6047975251005683 2.930072123565345
0.733892606370293 2.463366622481973
0.5688943380650971 2.922074533521899
0.7889013927392389 3.636856907702768
1.140194526840628 2.844719608984025
1.093468586744662 3.047435231625731
0.7973021654253815 2.689776535409277
1.590875511854086 3.402889253419226
1.471801006091151 2.73868218760929
1.051121473387634 2.85301547734435
0.6147920829474468 4.006299993911785
1.536012204350123 2.4031780172657
1.158834552201153 2.606563076809637
0.777214535416438 2.260780275105772
0.3724921729205811 2.52339365984946
1.10313032880491 2.84460930194252
1.310322075438266 2.755764446262293
0.8047373532061485 3.051062379267653
0.9967356934755055 2.809107760284219
0.4831191965344442 3.396411680564823
1.517471322873473 3.649055019454005
0.4186780614641835 2.437581763261055
0.6022759514775474 2.872826232005703
1.207329115065974 3.494355525316653
1.229708893608925 2.258287673776564
1.281526754720239 3.317237255612821
0.4762811227253777 3.168011051910279
1.102356173961994 3.739953803017015
0.3503179771968931 3.758777054392582
1.848355650088525 2.739727333693545
0.7329239677785265 3.858827887038228
0.4555298151650941 2.395737693592642
0.7631577716370784 2.619387333776967
1.456180074043234 3.67011355663997
0.66975488415331 3.848218126772317
0.3261247954937186 2.592675946409977
1.424673946373297 3.03585270455976
1.86171550924701 3.086113820228747
0.6370504314909197 3.782354267162702
0.4035755508522697 2.332255046241454
1.289708957683965 3.56591723061049
1.192192340848975 3.67130272970733
1.862434064384953 2.724783235682556
0.3424353972129285 2.970802186074826
1.179877851585459 3.929394944402726
1.456313231165403 3.603504222198048
0.6640330466511707 4.011536600681126
1.537098545957213 3.845191175848873
0.5697676783341891 3.554279929965437
0.5075050903069299 3.413055574802791
0.3405738990270147 2.828045293460146
2.811917930933315 2.422307509321213
3.547028556223169 2.880923207694945
2.724345533164268 3.777392470810183
3.171158955927787 2.102688096076402
2.554724446488565 3.778180845796176
3.62008476831183 2.667850172697212
2.421411242250703 2.545741809928727
3.263581252141476 3.165477205954424
2.818100007097535 2.504371836887793
2.524328566581184 3.784822147051808
3.240083875725472 2.77677832093952
2.546575241973005 3.249589001764944
2.796815609451045 3.42863597468871
2.973774808287573 2.976513808144493
3.956525620360119 3.311611496772893
2.179217909678771 3.418159593507867
2.821222518158923 2.602593694724565
3.869682310634134 3.640535837309193
2.616510736093835 3.52853857671274
3.673784652871273 3.013825625750831
2.507607591381734 3.54568601648714
3.554032839839222 2.487660522314008
3.537094465187952 2.295657100069236
3.614837252926222 3.550683252663067
2.659039742849614 2.219566974215341
2.331210799454785 3.339302335074361
3.929875912157214 2.752037621075267
3.54035883105526 2.777591685615509
3.813899425982876 3.534290826280991
2.668317721232556 2.399230490063306
3.091509155039765 3.826867363777474
2.88824094988662 2.211097676644686
2.253189458304517 3.009848612173219
3.879352766815723 3.151379124375727
3.524105669065194 2.350648347339447
3.2023429059992 2.915484362040369
3.134149201603968 2.226578546586994
3.089799606884286 3.147496213986717
3.215149800756719 2.219708541280637
2.646738366466649 2.894629411185817
2.437594075836772 2.475516435616995
4.037432442220048 2.859732526942731
2.381332511233599 3.047320647499169
2.864227863402018 3.589351547394397
2.39259780158301 2.918610526119176
3.499052437221772 2.379199278585298
2.863790872573583 2.896851122478632
3.978183914861327 3.2234973076857
2.982105866116577 2.174326904589959
2.225191310704071 3.206669012960209
3.773335042683233 2.37965162465407
3.709566090482346 2.374992803239237
2.769179365618064 3.486494258524516
3.998188346675503 2.899869983806663
3.152838012672923 2.994344089604409
2.636384591297415 3.706707442183168
3.782545554880411 3.599886103983077
3.083246665545258 2.563888983809984
2.770941130089784 3.458229919155645
3.209687124190054 2.15353976477014
2.256724304108288 2.568118227494803
2.719636853983342 2.448708729070994
2.515891733551529 2.937888685834535
3.168136317013406 3.282185539438914
3.526280807968409 2.372924683853716
3.684824438206597 3.032129372420558
3.50691762661437 2.51465162260731
3.258909788690659 2.5487664398411
2.552099465107886 2.801410899402176
2.727960527134713 3.746628205731609
2.551005754998162 2.325057924702744
3.72525501105005 3.219717477601244
2.68224697491556 3.826697253149749
3.429914905546894 3.752461015234838
2.800675952613352 3.129430032300013
2.575238303375916 2.83311420817581
2.966977271074997 3.732858179051111
3.525733181770978 2.20715433565582
2.903057855574584 2.743132822658354
2.472797878263123 3.597695790240058
2.773524554207323 3.971993857898631
3.04653935079006 4.03505624275784
3.06397894858292 3.252159143648496
3.57009394364045 2.561497065550491
3.514024076174219 3.412358130070834
3.634600990909927 2.43379874637714
3.226444936535287 3.067001542466457
2.841895469049396 3.566043404705817
2.285906955169495 2.738575975780673
3.609576264893058 3.38695723841421
3.832367109606433 3.429509001407748
3.355016759198827 3.380101535302848
3.504088990767246 3.069226897864731
2.45243106283916 2.826563969199738
3.80964774269958 3.34999665645815
3.957922368664852 3.058720946068433
3.236871207361517 2.731539842475583
2.974660997214725 3.803051752489508
3.622235762285416 2.523633068079808
3.113367348201668 3.370311850793035
3.400806459558059 2.984550815693769
3.281410374135058 2.413389976676429
3.174770093631566 2.248400629941073
3.499381262672449 2.92634231440661
2.568823525767038 2.514765418344187
2.4158254236079 2.640379484283914
2.294082645564306 3.571446272975128
2.636125647552833 3.635366170457489
2.308331217241409 3.158306334997885
2.121213077545716 3.143523808182615
3.247022008279746 3.584649052037111
3.004028646038121 2.978209956178192
2.426232621323146 2.732871660337721
2.917325030260967 2.363504145749797
2.959018134740761 2.137055850393283
3.177253374528871 3.707947589423987
3.133598427091309 2.205585630586919
3.282986692286727 2.154054768009235
2.628763895927053 2.799591114680991
3.710231509186481 2.625309374082541
3.160537698700037 3.789715909447947
2.691485951906881 2.306761342080828
3.294437404130559 3.844371975007752
2.863476017892129 3.94866186902849
2.19018598955273 3.131683907894454
3.223411100663746 3.466716427150379
3.649365096226358 2.271783705043062
3.097043051451037 2.853549229944821
3.086405843405193 3.082919056533396
3.526889842843424 2.480618300840226
2.730327636645191 3.127574229599476
2.928519156296731 2.595157203539599
4.010820480690223 3.421718906639768
2.63656742823392 2.946295200045989
2.793442662269777 3.114573215141362
2.95323910957987 3.896121128764226
4.033389942307474 3.378571800668385
2.77403151195699 3.222038933824375
2.80967820555244 3.55094519955129
4.052269688742561 3.273871311212519
2.354935684055334 2.456057734568065
2.256250469659785 2.666013596874549
3.192692368837921 3.950426804140501
2.410568329103607 2.988591460851589
2.540782012282979 3.801302550108399
2.107152535667876 3.179402304881376
3.288593195502394 3.965436503659003
2.630469690374038 2.613545266285455
3.657087400174234 2.941586826385648
3.140196040954353 3.041775804898899
3.073485542655547 3.357517907801094
3.656960267179479 3.837701684693463
2.504705593401871 2.682491800069376
3.955415802069038 2.822499584460639
3.322815561632417 2.146476476718767
2.988947385319269 3.54837741070009
2.623536369511247 3.304685699798774
2.744118846986761 3.388091527362509
3.458365558195964 3.529774233676197
2.207908726244551 3.155646572877971
3.546878741987074 3.981736540863104
3.475424330268567 3.63519179408924
3.210125655453775 2.622319846054094
2.621703327789586 2.648363977134643
3.83339956410202 3.084998745026072
2.273052911594625 2.7161564933391
2.931255351589888 2.250400896659962
2.79048750603568 2.306406928836042
2.47909663302015 2.645864696096871
2.504335513011392 3.503768424847453
4.042842814012113 3.342305834359663
3.792700459408165 3.236401750923461
2.9286725665909 4.047853215049863
2.903726467332594 2.875629545615365
2.788334416439782 2.565061820730238
2.320021939980568 3.67121815980615
2.764075783204254 2.974747079549687
3.484948225501797 2.756557574781255
3.151371237962423 3.332412977899224
3.612506465433643 2.344853633197781
3.704299793931477 3.607456503634499
3.756653156776104 2.519885382229214
2.905348496405943 3.72279913135176
3.609881506489539 3.626139235006846
3.619158452164193 3.57639657208158
3.532028247388912 2.363821901170423
3.753748255626159 3.751030441215213
2.157784586121166 2.993415586713039
3.807758086866969 3.584524523807407
2.683104630640599 3.662428232882936
3.972503477154806 3.028316305305309
2.817989510093397 4.007946414304572
3.320266178771306 2.374225083727922
2.670291008308522 3.464001935654924
3.612738055781796 2.434535954331187
3.247996903010243 2.292560694823266
3.018915718875018 3.383995034979186
3.421658517275015 3.780187617643072
2.799387884213933 3.995965473482886
3.156735415079919 3.761031199290998
3.277916541010906 2.809007404842038
3.347197718110614 3.821802612076671
3.811820939156256 3.314208495495779
3.461647377939622 3.737333693028203
3.122302198729196 3.423898648088127
2.656883801497187 3.183448457314729
2.627169138616599 3.59023842456893
2.783971393887624 2.195602208671771
3.01882960470076 2.638918862795147
2.861015366906809 2.428457194416094
3.885825611680812 2.603464431128845
3.291648369218102 3.296429425590948
3.519096148042351 3.185335219384501
2.216962160559243 3.183610713977701
3.55156519873438 3.385075065471199
3.45343503167351 3.615441539342174
2.415626587357144 3.276706518043132
3.630502933303972 2.593187236588383
2.807335539450664 2.155256162805201
2.504485597976126 2.378406997228657
3.241372861600869 3.369364014057799
2.871892696735847 3.158034780736898
3.071535660280533 3.808174130745501
3.771249041568838 2.978398523327628
3.277913349017461 2.328662672913976
3.767876019289701 3.381031693224089
2.645986479905272 3.355166253300476
3.00698271237485 3.755503545977104
2.779352590919697 3.878719472224408
4.040449143212142 3.186906988827643
3.396826066914608 4.026059553576381
2.719044197700212 2.626610486324591
3.547029034083315 2.885986062283565
2.674894914559357 2.978913779671238
3.34240594577739 3.512326978544535
2.382596927779022 3.153629896866573
3.464056761735566 3.722672532705432
3.728460615555193 2.702360722877447
2.76491555898574 3.966854041449748
4.032802722233757 3.346724259490435
2.315698978402229 2.790501708198527
2.689189169822104 2.805363249808045
2.887127964142067 2.974927927449884
3.071386505757876 3.037935232169162
2.827366128597463 3.42345624021636
2.765561633850117 3.211360703552555
3.48594026557059 3.463000747052516
2.639231358469034 3.57837001595091
2.868089171579868 2.218400711406829
3.214008317800381 2.680117068612068
2.58927974940957 2.326330665059835
2.417520173199056 3.165133620415757
2.998608161364566 2.180219988070553
2.816099922249317 3.168736475413864
3.655432079790926 3.795070316171557
2.487666809010512 3.201311209984292
3.143027824736131 3.530194563571239
3.243398362958561 2.472965639784863
3.047477954836235 2.411861081624399
2.380898982030701 3.271100933054256
2.514003473542377 3.896516888709625
2.166182988492179 3.212031773966198
2.5518669776362 2.302185657393276
3.756727358826375 3.477061828906846
3.865092834248999 3.57487289457044
3.634148970371201 3.291195815798025
2.857252003210911 3.746218472287211
2.774489937831823 2.9852319722088
2.657392537007073 2.942201712697677
2.887365635288453 2.636273444967283
3.318583234099556 3.666630407893703
3.594024176949233 3.319836983142348
2.787765031727326 2.279488600910273
3.711674503360467 3.111791550531344
2.505902193013558 3.090782162344246
3.538940434290086 2.495936337888076
3.59279648701459 2.506419225546038
3.454424566390285 2.470403594243983
2.667464500321604 2.721770780277735
4.085427092377 3.163188656781024
3.995225165219149 3.149317340522441
2.433774211463824 2.973290709796749
2.507440359953546 2.558702133669388
3.181018801714755 2.476929513417318
3.23179522099593 2.551915112662536
2.381773879069983 2.652447886270795
2.630292763204949 3.926067945423462
3.848365500257136 3.598088710977574
2.593244836191976 2.395227877974485
3.153826254293244 2.75912481251064
3.045440661062987 2.917977130148547
3.679024482676296 2.756346362039503
3.601184109490945 2.705092125529925
2.580594481395579 3.557413500731499
3.715630316957606 3.266723934289514
2.639726096051515 2.266356332130554
2.765879310801477 3.052518575849327
2.881054504311487 4.064701167272106
3.714198965526708 3.201702322074153
3.561634373872129 3.680201787028007
3.902408589285077 2.558487897129508
2.525267203009207 3.507887507347401
2.169780878482795 3.271859603820602
3.982647510980404 3.351673192561089
2.61573872526989 2.621477287675789
3.520768752765674 3.996855370051628
2.922254184322648 2.456345164599803
3.400793716769825 3.015612004788219
3.620708265269534 2.466310761637657
3.089265854330273 3.699063302299912
3.5832422525786 3.6515427251518
3.261601177106267 3.121186545944796
2.8474546052473 2.711441811779569
2.258878042678299 2.995801653734715
2.305991255015035 2.762863389114343
2.296703971787335 2.975054898119961
2.627586599409546 3.349482730457829
2.988882060014481 2.469524251268644
2.870026349545222 2.247001633729051
3.254892079755911 2.887093944814338
2.979205898342303 3.49959419570985
2.681513547369242 3.517262497021869
2.83310628125448 2.194453318524114
2.739096879330359 3.525075062709142
3.563096101784991 3.694882362934818
3.651729077738517 3.837343911373003
3.449666373072062 3.494754643298068
3.828577223531904 2.628142264323497
3.101178174780491 3.3555557196617
2.367136672119446 2.477559843966693
3.637799904117337 3.101792925867676
3.023542182185523 3.506277139771398
3.983209259327774 3.561487496682688
3.486046477098235 3.312293998163337
3.364099117799929 3.213187469224194
2.290707816955 2.929759037739375
2.354679979596499 3.095130467649997
2.409963443752277 3.025419179925415
3.655273440589667 2.886876527079015
2.682860537735418 2.89975652363138
3.412214847514607 3.6356783985982
2.513268914467579 2.335071665692341
3.060843352502649 3.754838247917464
3.4193067996096 3.460236100135663
3.064200601081095 2.722837336965496
2.982774923169676 2.45931712010516
2.4760366118805 3.716101106016184
2.901350859188516 3.15494294507412
2.189221899688611 2.947342560212076
2.891558021782673 2.889832622978947
3.898156564043377 3.255446786845145
2.760318544924645 3.382223334600851
2.612150044720651 3.957150281966688
2.569679906635416 3.516651888599816
3.860561117164859 2.554630967253781
2.906920506887943 2.906592894144463
3.712597123185086 2.870076412787307
3.205967986051016 3.263413534658481
2.521120483535559 3.809392138046136
2.603217350077722 3.110991329299295
3.015088305918118 3.119019993463124
2.632059799312501 3.773727093453946
2.700131904436069 2.875465658515086
2.155393430377985 3.200420446023327
3.582014581110968 3.763804510736734
2.742729285108502 3.428809393339471
2.841345123395653 3.864990722383629
2.989667800917203 2.640536016599555
2.145637146754712 2.80421006270504
3.969286980883084 2.951325328230252
3.276670216858237 3.739919550098127
2.422275240655069 2.759791227246928
2.313219668306822 3.020817193587706
2.718264262642846 3.543600996099523
2.795700029681622 4.033989155235603
3.202068954632957 3.0984629353217
3.139612328263725 2.510870862967181
2.822552823895332 2.197340969530003
3.705597669539174 2.81124275552955
2.932612919562767 2.917931360522005
3.608479463744815 3.400973386474123
2.437933096511861 3.432210113680132
2.737185219838936 4.00129769420304
2.933964264508941 3.963169512841474
3.267273716852351 3.746497063215463
3.600385780151585 3.524429154936073
2.956660249128941 2.72155117968352
3.84444184198234 3.735047473167409
3.036852480400142 3.110912314257207
2.986157003479184 3.984802949132589
3.500531289848981 3.415108138248995
2.627321228122912 3.408104104376442
3.190133107161861 4.072290792198157
2.61486152040034 3.362823724167392
2.679335652051705 2.991712470459142
2.619474544345197 3.0471040363407
3.117488744953237 3.538880623627378
2.544763850024027 3.03051277238664
2.625429523259044 3.293760105577934
2.822951106374382 2.75466952468681
3.279783080648968 3.436198066947923
2.35239067251973 2.693128456095732
2.942639069517175 2.376130380650766
3.23729606649933 3.381404885065208
2.693923353249331 3.321904022038576
2.305099629855235 2.52870381774007
2.664096009677038 2.647672947705816
3.484060881686532 3.131563280696698
2.777735914555253 3.959110899199938
3.121056519750885 2.307702790073134
2.419392439521812 2.510709663017647
3.77867522958919 2.972649934609502
2.647657096987144 2.25451833558544
3.797125750476603 2.397811128718801
2.972006301789165 3.162992913381258
3.248343695056056 2.355563993781325
3.741993065595237 3.251781369274626
2.918607379058749 3.922537209043544
3.552426130923413 2.503629800556497
3.743748633943709 3.163835242051644
3.489124571956203 2.519445909628106
2.543797980605526 3.791825164055494
2.535907795675598 3.720693028449638
3.985912559497497 3.318515609157789
3.617986959708141 3.709695613397761
3.109566168204279 3.848778482882165
2.961790401356009 2.823763175410428
2.327682167931565 3.616468157617783
2.407279671884127 2.422954770073255
3.615001861985622 3.03941494408968
2.440113212243187 3.016533471241762
3.442344394870541 2.862057241772068
2.928416981305698 2.793856422750743
3.927355446132915 3.368073185022153
3.855485739157464 2.715325967469442
3.403250402096448 3.058131719789288
3.096173432909197 2.421953317983433
3.551060962648215 3.615585043218025
3.647310480366663 2.509260144730718
2.639426740600471 3.601085166116071
3.697358102210333 2.494730086822837
3.423643591369668 3.287609786919961
3.341003448041321 2.408778155155453
2.960365969010745 2.71572885994596
2.494145105630011 2.756359793413355
3.809465573771901 3.050000856923142
4.031485801785418 2.765795826521742
3.367404470701036 3.610208232313226
3.586175000729106 3.547943033755567
2.704797525100568 2.930072123565345
2.833892606370293 2.463366622481973
2.668894338065097 2.922074533521899
2.888901392739239 3.636856907702768
3.240194526840628 2.844719608984025
3.193468586744662 3.047435231625731
2.897302165425382 2.689776535409277
3.690875511854086 3.402889253419226
3.57180100609115 2.73868218760929
3.151121473387634 2.85301547734435
2.714792082947447 4.006299993911785
3.636012204350124 2.4031780172657
3.258834552201153 2.606563076809637
2.877214535416438 2.260780275105772
2.472492172920581 2.52339365984946
3.20313032880491 2.84460930194252
3.410322075438266 2.755764446262293
2.904737353206149 3.051062379267653
3.096735693475506 2.809107760284219
2.583119196534444 3.396411680564823
3.617471322873473 3.649055019454005
2.518678061464183 2.437581763261055
2.702275951477548 2.872826232005703
3.307329115065974 3.494355525316653
3.329708893608925 2.258287673776564
3.381526754720239 3.317237255612821
2.576281122725378 3.168011051910279
3.202356173961994 3.739953803017015
2.450317977196893 3.758777054392582
3.948355650088526 2.739727333693545
2.832923967778527 3.858827887038228
2.555529815165094 2.395737693592642
2.863157771637078 2.619387333776967
3.556180074043234 3.67011355663997
2.76975488415331 3.848218126772317
2.426124795493719 2.592675946409977
3.524673946373297 3.03585270455976
3.96171550924701 3.086113820228747
2.73705043149092 3.782354267162702
2.50357555085227 2.332255046241454
3.389708957683966 3.56591723061049
3.292192340848975 3.67130272970733
3.962434064384952 2.724783235682556
2.442435397212928 2.970802186074826
3.279877851585459 3.929394944402726
3.556313231165403 3.603504222198048
2.764033046651171 4.011536600681126
3.637098545957213 3.845191175848873
2.669767678334189 3.554279929965437
2.60750509030693 3.413055574802791
2.440573899027015 2.828045293460146
