3.165952078607991 3.318290811531537
3.413236884616285 3.422590230916264
2.626955283027918 3.428949716843999
3.980737595561086 0.44733310056377
5.054049157498795 1.182446936887724
4.525940575727342 1.174844367691002
3.74424161390499 1.354007326064768
3.904558001955318 0.9846677259471119
5.431700927170555 1.947535021759731
4.096738994597384 2.993081136922576
2.920799723199643 1.091977229827253
2.634741672842898 3.205268374543973
4.145666464213451 2.06078007572912
4.610790572519287 3.359252619996581
5.435339325370029 1.440578299714441
2.977739035130646 0.3196537040529794
2.473637055604822 0.7325587607013582
4.252136398701553 1.832252953035151
3.561455534313962 3.030546716245005
3.725308803348054 1.905817808906322
3.388372810587279 2.409592605825439
3.4266247451241 1.411001442046497
3.596439578180238 2.088621959303917
4.61715891695972 1.19379749611697
4.326081844531993 3.941424082320634
5.030815958094028 2.919531052360118
5.552738522616998 2.714660597840524
3.84899840144345 2.707823229031567
4.402692107263979 2.22395618426747
2.17817758756282 1.779624332390079
4.628704415770868 1.53186322571194
5.072352189869035 1.89903055387382
5.800649424430754 2.495843734762432
2.980871888992666 3.007443730734499
5.069723787175551 2.719676075891932
3.765784368291253 1.60553917140505
4.323940843121271 3.102248512813428
5.636909814020138 1.930941064059744
3.577631996434983 1.401295629228022
3.513340607557068 3.427307164125053
2.555749085104282 1.350571576390457
3.819063392306381 0.1026586032100421
3.118769286063777 3.725327695202255
3.840491545094173 3.284099074455956
2.210358726161117 2.331536520017491
3.982682011716945 1.216263405125178
4.281736147105436 2.934726266953486
5.519607501406785 1.605861547664121
2.811905213855675 1.764270406278048
5.032205311457316 2.26405774980944
5.77360238887431 2.719962670260136
4.332155867705149 3.334709432606564
3.613928681474774 2.525629937487682
4.653326439906657 2.483627472393733
2.400385412164898 1.888498423646909
4.309528982021264 3.749793796345227
2.724563516623949 2.28062681739838
2.489165953417371 1.099819235405509
5.137205269569528 1.047464025848719
2.783159732793673 2.640709585545382
5.083435795680066 3.026310945264865
4.519308041123846 3.412782968719809
5.491073605028927 2.56578022347639
3.554038938272146 1.988110768556585
3.287339475754814 1.000939294125143
2.508217051262434 2.364296557189091
4.041126443401906 0.2341011478177364
3.322350889704105 3.160715287688655
4.148195688851805 0.6294845528491761
4.092590627625175 1.064697889781859
2.661601301720756 2.729762903291996
3.534318236325706 0.7911075108869399
4.693797984746329 3.514351135095885
4.905583105682611 3.205477563719898
4.683232014147408 2.196800741216382
3.507709501442191 3.650383447222329
5.706952628691363 1.77244577737125
5.298740054293418 1.126666599570469
5.133481091651626 2.081939502715755
5.266169935692774 1.216136670442339
3.275176752870483 1.989834672728716
4.266571152213995 3.832713363432967
4.118641510466071 0.4685846106304263
3.700130143724735 2.506825473770334
2.343971297166776 1.778229512304097
3.061058468976879 2.723511733845939
2.13293998726782 1.677269879967936
3.977834348168429 2.891097348748076
5.799632979147944 2.325289100638551
4.209792708539982 1.628014465982065
4.344779852967491 2.918076616006785
4.252665675582435 3.197970910859382
3.164006487988875 2.289077366839554
3.63064848822822 0.6377321634028006
3.533713425791238 2.743952363262017
3.763196097733037 1.677153715182216
3.281913840416069 2.715664440322267
3.909958598021361 1.050307730438123
4.085304409037825 2.433887801646156
3.558022078777211 0.754399613672146
3.591390675274081 2.337767197628523
2.851776777593004 1.957252795734831
4.749522277288881 3.045578366056782
4.063410950291047 1.144560893407499
3.305605226851151 0.8094016005665059
5.767587112022607 2.113202914086141
5.40033110966065 2.460788481886495
3.69588978524747 1.876924651942321
3.37364413437707 0.4235795125803536
5.556576623164942 2.875912617780428
3.620596994483515 1.971591758040326
3.735509558746652 3.367887535624299
5.644951568866589 1.328081063782383
5.809732809445751 1.632163237949223
2.599336615529621 3.40362299687946
3.600052709435856 0.7210107529993499
4.54449925644612 1.78650504051018
5.783133208144763 1.807983956035643
2.925227970331242 2.627332411535766
4.837876072032484 2.030151675773751
3.210084485889239 0.4155992975049976
4.938045848257633 1.579478316427245
2.645746918322321 0.9179000064013023
2.325641824076284 1.24683103945745
4.069301715912108 3.520651614410379
3.051660041818678 2.190843874326157
5.001463612271255 1.920984650647539
2.365417864370566 3.146069605194964
2.125497974876095 1.549996364159717
3.001542592584285 1.195011589533578
5.298144824258383 1.283195275046268
4.682713559630717 2.689981841358043
3.755168280586913 3.702180579376034
5.014404383682539 3.342180637872027
4.946288505458766 3.567437923323853
4.543817740226624 0.1607212630641077
3.06137887787706 3.162808741041316
5.156501385574179 2.427506181226094
4.192706273997778 3.560815296851189
3.978034016952143 2.28645587228326
3.825929327606599 2.119082239811784
4.813961765520435 3.699706311362668
4.287395947034474 3.055168502137994
5.384000314145852 2.838044247424915
4.706540715555548 0.8814703119046376
5.938414299746753 2.096585420615198
4.171222094580951 3.519257068936587
3.937301888365547 3.733009429978307
3.52220919609368 0.731160116472396
4.719186866737209 2.542029727987708
4.001382778278885 3.358247973417308
4.745301314402782 1.470495743048556
2.811956756294457 1.146856295232994
5.648033653556032 2.366183952485776
5.20514481105409 2.410321119474724
2.585885358778931 2.292266600050757
5.613011582097749 0.859351684441213
2.86006850474918 2.991358698456409
4.048517212144149 3.644229303024494
5.282521057580523 1.32012315281906
5.340851104086674 1.418305112483126
3.413957451918117 3.593959837312572
4.02436143263036 1.487432411547412
2.826502550716168 0.7662486585058306
3.898772152859286 2.484425213990216
2.671504625594597 2.987173678794979
4.647781234083851 2.336125424039936
3.958159984531256 1.71373442517185
2.704061454801503 3.06636106518625
4.016356206471661 0.2746389968500556
4.479513300108995 3.807818154375921
4.278533493923518 3.024375438237386
5.37969981391537 1.066337118236576
4.687703106345047 2.436345966419572
3.595233342362576 0.4075164570027596
4.586926697852114 1.663341759824916
4.847558614942792 2.666938595467258
5.131799283237396 1.612266647214627
4.802289207272661 2.650678150008706
3.280576152817712 0.7990165300654117
2.978378988105289 2.829226819073055
3.084193459444353 0.871458280923479
4.099126154786165 0.3198239889442192
5.500181183251692 0.9616482032221845
3.892925547534849 0.06518386763316442
4.96121375274166 1.492573684737219
2.066985727312533 1.701262380030905
4.919811674945974 3.273597364549847
5.738941140899739 2.293219801281348
4.556926858448271 0.8367393648813619
5.502704583451595 3.175383550948926
3.676073970932829 2.934216009554992
5.240734949296639 0.8302095434508139
4.972954540077795 3.132945715701469
4.427712458167463 2.196892541076136
4.714597846651258 0.1716271362239603
5.192858067515923 2.833726623145532
2.928357546140019 1.567160176438714
5.064843786983056 1.888756000732262
2.617879637015162 1.059909613623346
4.420515191914562 1.086412438006956
5.188459004937862 0.4781475242789492
4.492192023408023 2.898406522461167
3.018390310284151 3.367686762261396
5.443545758321695 2.948591568337789
2.126099524195689 2.392424759730601
3.557657069212592 3.000247651346043
3.115279403916093 1.903485759680571
2.718241223890712 2.397263627844079
3.822139384494863 1.908353262478389
3.222885544410157 2.908637958648383
3.199281923011166 0.8474073359922552
4.505836240796155 3.051761135102156
4.229275180312451 0.3156609900224356
4.041950724612093 2.528951295639853
3.312203126354774 1.388264235580233
4.291345036587818 1.811993908928295
3.491154419563501 2.816578719098358
5.094222974460628 2.793556279251544
3.426677930381931 2.155327028621743
3.939244739276465 0.0549760056033135
3.368070883907374 1.756159361588449
4.124443550267806 0.8181569745159247
3.348200693196126 1.508504143084709
4.313025538666984 2.853902024153061
3.707542480964741 2.87275215857428
3.253341631583594 0.8441039496399771
4.214502298940126 1.625380856332154
3.807937286006553 2.104066119033966
2.833214752674786 2.87697950858522
4.227342976551684 3.744970955147383
5.021519727348761 2.904253885102285
4.070951307363138 0.7741963325250432
2.87389381935941 0.7744429201480523
5.127745506212555 1.699080794058508
3.788008913814286 0.03906955658683464
4.423766877218211 1.113568230960628
3.271277712510342 2.1828163596451
4.923325328043815 3.414554150710896
2.129710150969247 2.025025288387043
4.555258942793614 3.469479435443912
4.460706853561801 3.671602285478559
3.098788114416694 0.5659232180763529
4.346345299438937 3.23905218554616
2.891387469247968 1.70271849574699
3.37902749071884 2.334053008755564
5.729728767432915 2.405622229845671
2.824106031532701 2.439555662046231
2.963447571339804 2.433996273153076
4.802582327629707 2.777048264003883
4.591565036583118 3.274039475429706
4.637673599873105 3.625334192950177
5.202342841232018 0.4924857954476638
2.141445075647497 2.182113289743878
2.53514125091582 3.011650851381496
3.280835098760909 1.942399092784005
5.517483372622245 2.180556769187048
5.703058622150229 2.428711257450836
3.25598517187352 1.901951949942909
2.554749300838361 2.756248793171582
4.311194178235549 1.559331481655481
4.673490650303223 2.7353803365175
3.297395918022014 2.061271661151507
5.032908290818309 0.5744053786226069
2.509114810254641 1.375620778339812
5.043255620575374 0.5227230332817754
4.764523650302712 2.853264153363856
4.462759303274169 1.31690238699471
4.663816841498434 1.840288906753462
4.158518898140983 2.570461387948058
3.750695893050517 3.541534040823238
5.621012533963603 2.852185113203475
3.369688825897631 0.4045278472593503
3.186789968935462 3.260174705087198
3.134691231261277 0.7869568978740176
3.183664619193458 3.525887926085833
2.566533908417528 1.31298017264249
3.369200723884065 3.099202412538961
3.40322140201171 0.644051178236537
4.557307721218527 0.7708485499455253
4.068219980367554 1.365458768350645
2.667166058161928 1.341916522019355
4.970767342657136 1.800149879564913
2.906499701237316 0.3814702438175621
3.399380947893784 1.960014564432239
4.603595939754404 2.253617784099399
5.090097722602136 2.533790418779409
3.313339515093528 1.834174359021578
4.580988891099127 2.730722844551374
2.670429520136825 1.907772104575578
2.355818922343554 0.8954404307627881
4.354790987083573 1.151958808150648
4.661994651369069 3.268449486544081
3.726422021544384 2.104309783624486
5.448656708771277 3.187722335744664
4.911115532907083 1.660320669242646
3.242503108450013 1.1211652168614
4.143357453402787 0.2529599070197046
3.891430788528877 1.610699220732952
3.867891300649281 3.270643646205929
5.45178537383785 1.176022058886616
5.105606370096348 1.928224371509698
3.847260056309565 2.306675697533467
3.379964096765005 3.373077739703313
4.954573322048361 0.9371317871993272
2.888273360042261 1.847279154672749
5.710175877432917 1.459359487726851
2.096623061950043 2.508255588153383
4.575086802004841 1.624437682398594
2.333450615657502 2.060479357744129
4.444313326370123 1.19663624971664
4.661864337414077 0.3718692803363106
2.141395184082777 1.268663976621541
3.791906010354333 0.4428195681808702
3.177834441865774 0.6468604852403137
5.401142696420548 2.41095764115316
3.439856732903206 2.385302415716603
2.951234912323902 0.5563726014201513
3.854531157236195 3.46685829887605
2.712072177261667 3.121272033690371
4.373383691007972 2.323508082375774
3.231487315599392 0.5864619387406116
2.262165424280377 1.0919939110835
4.92552591913887 0.4379100280900008
2.479573614622258 0.8949770580523884
2.842095462410259 1.384160437232339
2.036925475243303 2.329863756656889
4.528651771677618 2.873302893183639
2.821458920615248 2.210085643118565
2.997538898321528 1.713784556815253
4.973632885326513 0.288918828496721
3.948058835413237 0.001675921247453749
3.670237151441341 1.583030525052452
4.85839767626691 3.143766926341725
3.139670402771874 0.8189779681809497
2.049482779678122 1.722111157221065
3.714464638705209 2.101313174879825
3.57855071850599 2.566969367991579
5.072294287889458 2.914204797897571
4.806193346103136 3.054053620427288
5.278614208615767 3.057912922408234
3.292900800114511 0.4644114234206003
4.464503909633557 3.546833174237257
3.980187572816811 0.62737339207244
3.526811319877871 3.265539359228553
2.174098498841139 1.291709034389082
3.551827300429932 0.7203754188494218
3.826523922314941 0.5493756835611305
4.985845770931201 1.088106204651359
4.336697824508317 2.466826628237666
3.579748597079674 1.860333788549511
4.641336428928696 3.017965652762648
2.09898315569125 2.063600853346937
4.156967477838543 0.4612793792778047
5.27439096030759 1.576125518565769
4.700188201754605 1.707705620224417
3.036084230077487 0.5344822900499284
4.703523546285526 3.09151066372476
4.840606711226535 1.49269418576077
4.825393497267463 2.450566517471922
5.803900690078347 2.41435351296588
3.868051784619621 2.524869467060568
2.982571483305009 0.8205396512223653
2.250190738854803 1.417022641774394
3.826951949804879 3.541228969593136
2.799003246482147 1.269221170131766
4.828185922148634 3.036060090206383
2.514538988563936 0.6651984093013128
5.257516694374203 1.662988096843092
2.784790709686203 0.7881943981431931
4.078232027831096 0.21980856187485
4.736552499321038 3.584492980067344
4.044784621111219 3.598412201927033
3.64957111614356 3.694604700196932
3.059397562977275 3.385488458483617
3.774322154262379 2.125010055807209
4.284426761765126 3.292550909790931
3.356453354711636 3.681183726820594
3.36508944781069 0.2684388595897211
3.703581012337425 0.9926916693948986
5.657104258470671 2.148238909057645
4.489089406850296 2.497027476076046
3.588432049159611 3.804211068234866
5.089034851357679 2.11566820791306
3.671736638843966 1.187642364085427
4.581877838205168 0.1908116008778433
2.553687624574747 2.824386064841372
4.741117351782921 3.182028172584459
4.072757945583898 1.927478120167033
2.764787145005919 1.865237954599656
3.873547770256053 0.04106795821685405
5.216526442885016 3.2187797469593
3.647015959703023 3.249826770026229
4.721987074274216 3.700054500364778
2.562609916388047 1.251843734284405
4.568921050201055 0.9708978076590651
5.263732250539443 0.9246061165858819
5.414657141522746 2.610943020923703
5.046994309469401 2.394372475114293
3.802379618904967 3.434843741044103
2.705756318327409 2.757836401764658
4.33662072973894 0.739892589938038
3.937954470770916 3.25500480605044
2.678533374722345 1.955755462306547
4.474840617035703 3.893477255714382
2.46003543638774 2.046274818614325
4.148736499767605 1.565745454743728
4.982273088313818 1.070396507462906
4.136612378503138 2.496565623509549
5.022210919030604 1.523235371615596
3.977585007361249 1.133637006605981
4.579223016053477 1.155106608597976
4.057530686729509 2.103954800982871
2.672442246010644 1.982393428560265
2.1439554095459 2.275958917660446
2.419346779483958 1.03232873514693
4.46189964775153 1.14076836616406
4.338600844141822 1.372037362122029
2.245243865470662 2.386530543419358
4.052623659748012 2.539651361045921
3.341668186609814 3.335029740064881
3.566202950201068 1.440090037945711
3.004545246946163 3.225504298964105
2.30323174407557 0.9968085329412599
4.472859337153741 1.265925558918377
3.170484089781874 0.4281822342832922
4.912337059202592 1.18452343649454
4.572839777233064 3.426948334557459
5.60965554221357 2.463497765769642
2.136062481964019 1.760142918695802
3.588415902204869 1.123190108344974
5.732570625917989 2.63113223695645
3.754910209020506 0.5389961465874789
3.121519282927363 2.415096598990508
3.290239018901881 3.638210790675575
4.263805000877656 3.733880082721618
4.806109494765469 0.3194488602212517
4.116396351249286 3.053914277612205
5.5221825821381 1.051862790557188
3.922430210449305 0.1317146008305887
2.678689884097806 2.489962688641644
3.133195593004427 1.205597114680574
4.319548767371342 3.110468736952741
2.573135681719537 3.069052859507562
4.749796992742464 2.545014175140343
5.36036967848109 0.7176937314828502
5.622700352466495 0.8961389982132288
4.72615993738027 3.242029662388789
4.132058950507708 2.917071974388247
4.935214865810244 0.952619437158378
5.27006149929008 0.954085378715787
4.545572914557123 2.013168562505755
2.916726771239951 0.910070353172886
4.616233355312014 3.624961321619135
5.386111863089772 0.880145362341888
3.849358901240307 2.722784214730702
4.709616625981935 3.283620917737824
3.841483713139488 1.335241600635123
4.171219200243721 2.257837300978514
2.737227654480967 2.697095666023265
4.61711506542397 1.39745818735257
2.138343302561721 1.357617339617287
5.828114212793812 1.509461072202553
2.739279531247101 1.891427495699923
4.155724712840382 0.52934347794377
3.22782298761868 0.9135862273317719
2.618054772648251 2.974243833793287
3.583038877643387 1.806115723119701
5.501124274867289 1.290365969339681
2.461861561341812 2.429666369950807
5.214814725889579 2.080876851412527
4.806545547605444 1.794949083177606
2.489205385716351 3.044930035204489
5.265466670641766 3.456969622278652
5.116002279070033 2.95498693945174
3.379080415350023 3.369795086426033
4.119818807477483 0.7688371161134613
5.115454091946093 3.035493617057679
3.766868523036197 0.6323611792569255
3.262776468128192 3.378763735910502
3.883156936656955 2.132997068838841
2.095256408580504 2.411360845118733
2.183945349010089 1.549360481322817
2.985566091702545 1.791291746950965
3.882206207090475 3.817209393862571
3.469032000685975 1.25088060052475
4.603838724447236 1.717833123260089
4.858301999758268 2.720369641191885
4.889198517414583 0.3583461217017068
3.800142874883171 1.685192972867712
4.805113962021352 1.74367049316551
3.988660456072917 3.602968785052235
3.96508280402375 0.3804511982995298
4.778311203448057 0.1781259350947402
3.482313254871151 0.1555969343839865
3.089474748775456 1.373122712460311
3.696356059127257 2.310048761760944
4.445430534065419 0.9329871360098421
5.534290211569967 1.046294668241481
3.53072741195066 1.081998246780644
4.968161239680815 1.343047809265524
3.62122292872015 3.14089498918926
4.350400630914602 0.06437460416592589
2.748377003037148 1.226699340167224
3.380073843515257 2.783488828154064
3.317767547978076 0.5419274189635186
3.155404563386055 3.346117162289881
4.448615346816612 1.475881397410636
3.672603756465149 0.7016652033023749
5.528534306985652 2.018915934551069
4.121494530337349 2.334503111938595
2.792112090838764 1.954871715146774
5.298748052592323 2.056118649790259
4.378550192352945 2.439904289599309
3.650143651728205 3.3653116849427
5.525790476259154 1.985628022247123
4.855198305538778 0.6101154068397776
3.854073938033007 2.931051817186797
3.089899653428888 1.868897302750634
3.321812653196023 3.567703510248315
2.55134514945023 3.15268675944002
3.883713914831899 1.226809515235517
3.538090160985217 3.212572196797353
3.334554159332104 2.457979127340014
3.664286647876717 0.7336822741925151
4.488254305692087 3.551719038068693
4.711935419228467 3.137331612110443
3.833218372422867 1.125804474027722
3.272766812934711 3.824918520002813
3.965528678408225 3.433827404092966
4.832112442717809 2.243067297149949
3.723324771150065 0.06509461926131288
4.340061803870226 2.924856234646289
4.330235551747879 2.784847604216957
5.380374475476809 2.513908341536848
2.216441393060596 1.458051059029471
3.377822317616376 2.799248964398668
3.458916194737032 3.19247282033893
4.775730635339986 0.2833587889521414
3.024238915302756 2.528800694968659
3.776924125138265 0.379039072644811
4.447793123648671 2.386747381619367
5.412165924030967 1.53200113957081
2.079732056972145 2.063284361609505
4.438424914449084 3.603175702888675
3.902839698457973 1.705472636861751
2.387613151469575 1.530051881279263
2.761344528103049 2.231411892406906
5.465541198908816 1.708960152050141
5.762137582288364 2.508894517873792
4.266602308657037 0.6592406289257029
3.337453715884961 0.2809551881066092
4.406163856819148 2.870188139277062
5.206919536397738 3.406576977749819
2.750841656276085 1.418166548841211
4.74649451745693 2.607050756421005
4.28968402521715 1.748509572502622
5.697560920409137 2.1006451617429
4.095063760130296 3.398753099464531
2.267862541102406 2.324928919719428
5.361822640143592 1.856838684278847
3.820613764167756 2.600758028621231
4.928603989741481 1.221030357916628
5.109582037363331 0.4260047513792615
4.598400165022621 1.567638406337126
4.3438891231997 0.1294778832368391
2.177265444332478 1.305190077195624
4.977223216803401 1.005170084413513
3.743766628006814 1.664527218425812
4.138997559548036 0.8278538803016831
3.010515069274443 1.311884202203958
3.592123807608854 1.252581199568102
2.656129897891299 1.161900294297308
3.364066324426953 2.335283683865016
2.274838321804295 1.947012749338263
2.427376840661507 2.422313697603257
2.949126545597857 2.894524633009998
3.406320948286101 2.960145360237322
3.278841337683465 2.159729220590323
2.534156720188404 3.239259334986649
5.616162223945194 1.459660278582324
4.544615441240026 0.221383911713277
5.384710094702964 1.864944182880187
2.974589661116634 1.550069603876814
4.030710978825532 2.922743007310091
5.282372072609943 2.505273943411022
3.141168384921111 1.794341640627865
2.970892294868086 2.15875686915142
3.529753628606282 2.331280964678424
4.984627045110972 3.190986287448462
4.802267232742182 1.779905791896454
5.343925470422566 2.079297093101964
4.568741444598146 2.809389903281112
5.362490882450983 1.641873927205769
3.940146282309586 3.714330893966541
4.718409590347135 3.058689736210792
5.470959514973101 1.680646866840195
5.649478751664916 0.8980618412389785
3.978927650436402 0.356312582710564
3.470104935953768 0.1469794418450563
4.296399192500966 1.406701758974886
3.867208701609473 2.627964191939052
3.557548215819912 1.14894176751248
2.78122210840065 3.481307947369028
3.848089191009234 2.151655127332476
4.575556164224686 0.2756479590838887
5.319265098839702 3.381916658927663
5.375657979308041 0.8487442073977383
4.400454354665026 1.282657092319064
3.666370131863544 2.225487230340875
3.169314383165329 0.740678984699511
3.892409651928656 2.954505688404181
5.56443375870009 1.574382371710261
3.862303470454567 3.273068241980654
2.777579139669163 0.6279399875902107
3.425372311570319 1.973235689636493
4.451076345329392 1.524249599831103
2.022825409378177 2.038969876582716
4.344758261323626 1.642678735207192
5.037265470247538 1.046808770234577
3.675585203043228 3.027757808826966
4.147534408968918 0.1484724781576319
3.181573749456139 1.639757828660525
4.015093536487466 0.2783520756996249
3.361621027272133 3.450869411437238
4.22341209748082 1.864416138704801
4.585096833611805 2.004319640556522
5.085456231421863 1.162854056998455
2.181875848958856 1.531433397105633
3.478968341136236 3.236009311215965
3.951150173975791 0.6419566116027313
2.646271912233441 0.9975498554604105
4.2995033623724 3.449820757758347
4.217679228498231 1.907286770793318
2.170167665918147 1.339843986297874
4.471409972702689 1.211609740791984
5.740774915270958 2.864538084093328
3.259781276279914 2.544172120340547
4.264797864187528 0.02783212899911702
4.492835358791996 1.819308443503566
3.718258525482501 3.242615906654762
3.518659670985516 1.73162482653677
5.161744476865255 0.4718032647387547
2.941899717273786 2.491607761458293
4.872029602780479 0.6116697628383634
5.838556522353086 2.491372937237895
4.160442218991991 0.5317085961754138
2.43572112392058 0.8240337580792094
2.46510802988057 2.24429250343431
2.968713675130151 1.190846869919199
4.513025124532848 1.802294335458854
4.254221921023449 1.747542396595166
4.212992949917025 2.548468249146931
3.426508529461502 1.498390546732378
4.729476253254566 2.725471205704199
3.079606551290315 2.016835782929638
4.643027039975756 1.181795680550213
3.106024650490715 2.049728938694158
2.154518467228412 1.428571066527081
3.543100461199198 3.288977825286032
2.933833937194832 2.141080860388774
4.682952664904956 0.7014698986641592
4.455588747158644 3.216156680888195
2.497470747382949 2.476244213736309
3.161401016184318 0.987629156822295
4.836205692420789 0.5631690472765178
2.424134227300733 1.741364005054089
4.597891901281782 2.120636872160628
2.488900368671147 1.625776885603632
3.9014242209607 0.4178213608804289
3.279313831795823 0.8693964285806193
3.419956518633768 0.9627167082815069
5.093579143749935 0.8051079724177164
3.484774174171099 0.5155450832990793
4.366806368898281 0.9736856476124609
5.700496064836038 2.602223641311353
4.671965560106804 3.425435663344863
2.101641214883166 2.394431692491128
2.330550095061519 2.175178719972024
5.548434358646252 1.329708759485917
3.459967425876486 0.4749278089944362
4.749000887348907 1.934022505526073
5.314908534764552 2.918558060920574
2.627556161340587 1.045294527283396
4.517454701718179 0.9336417666523842
4.815260267673836 1.647650359085898
5.715001788212085 2.601590472737427
5.789203958995011 1.711753379083686
3.113923940929441 1.224950200715483
4.103568810258965 3.155317495972539
3.361341539033404 2.816636385595163
4.849157206356787 3.005519015702884
2.568313663909818 1.170213105742708
4.138067498951811 3.30961836921801
4.275901498874388 3.53677216019442
4.375741613385465 2.500251884968298
5.128818144995616 0.6118691157420086
4.591022063285934 3.413521687037923
2.490110270630439 2.835334840782574
3.365226775062752 3.318009245883814
2.903506753839908 3.073401104801698
4.492266788522942 3.053691271834113
2.439190075489073 2.423801381759653
5.974029145644018 2.152834955321368
5.432389004727563 0.7092980701017326
5.450490878029106 2.991567681957377
3.697729175415877 0.5663503225060118
4.933984170637844 0.74271856501656
4.193538039447853 3.219462719740928
4.825787588913555 2.79766793949702
4.221413319064383 2.168828533861645
5.945206099593238 2.246992541527121
4.315198214483733 1.259234302133481
3.404648628954921 1.329278433884164
4.35032947652874 3.139522933022917
4.470526149326425 2.018760171390776
4.355871069039347 3.061648325767922
2.405268806338186 1.798748559867389
3.476179929071121 3.857212911277652
3.789802237374928 2.916034575936699
3.820138903541997 0.353274140166447
5.418137819857641 2.233187721377274
3.37701882212162 3.882533686366384
3.859098316254056 1.354800000209248
2.738718453245352 1.390860514456128
4.328558446628389 0.5406866062761153
3.804922480744752 3.330937301901635
4.598671817430516 3.487634127717884
5.669803476852683 2.346462538646262
4.868226562945132 1.435061003067564
5.205104676264701 1.269654869598169
4.068615341384606 0.6640866238188321
3.866485417352984 3.53214867773649
3.980559278958614 0.9257453628060135
5.862306277778096 2.57715484212655
4.631628478671917 2.559138218324967
5.004930043776527 0.3647600712931334
2.560722708245606 1.154655365188831
2.956767356116635 0.5053064342966127
2.969157672782907 3.605530642895147
5.366919877465222 3.126527510100934
4.718203350789084 0.424250749945031
5.034450470907259 2.753694331928977
2.329917600500337 1.477662821078449
4.39168070645402 2.495171927113747
4.448245021227367 0.4191377854051879
4.405513802150725 0.4030451435784357
2.544505121847986 0.7105513986310961
3.055705477044122 0.5332874420480105
4.935718270010129 2.123224746964284
5.057833250051804 1.525439276123701
3.784249968447186 2.087655837736636
2.908582564454806 2.434293904441469
2.479820973341258 2.579978802631252
4.910982389390163 3.129548199045019
4.957685709716032 0.2644172246877339
4.486821367697896 0.3594218703022773
3.980999061666949 0.7746552337804584
4.398084686860496 0.223672443417352
4.481016105758316 2.369281420007763
5.483402390484539 2.623529708629849
5.78070376497902 2.88394970178735
3.370400528123269 1.319979212929078
2.792021491509397 2.093895447787633
3.5438561953243 0.3993229593345171
3.602949771839699 2.848895648802926
3.518882820327171 0.3832650044865569
4.93364334624607 2.342023174528993
4.293565684737837 0.6300189355564416
3.424692596030725 3.901785025920566
5.931035847821892 1.753775684423795
5.61370718690876 1.571553364614849
4.348493975823713 2.156849092028825
2.969348997558249 0.842383327296431
2.548373075084517 0.8622531658608936
3.192347582137845 1.062306005177664
2.472157827915071 2.610724973235334
5.368719495873739 1.199968113854133
3.211650195420804 0.8884364776146831
3.896368968464093 0.1153702474647773
5.310930745201185 1.590798928392043
5.029959790240204 1.14284970165
4.317442630565132 3.365912595490894
4.410631738064879 2.596173717731912
4.289843883917641 3.263470946926741
5.48064458442953 0.7237744482382269
3.087937496828287 1.027557458563076
3.552968512530235 1.856527078714184
4.87555745894924 0.359813628463187
2.897245331027523 3.321156915249459
5.290030226649635 3.187675924371393
3.449655330860032 2.728781645762781
4.687994871150668 0.4345416842380156
5.315544906492232 1.344638853631985
4.835026838521653 3.226536577225718
4.592118161871064 2.741076835990165
3.451242012344827 0.8024417823383263
4.562758202686652 0.8277773678405269
4.97895879874871 3.291150397010939
3.53222019229926 1.825120762479958
3.979794212497186 2.791733915446323
2.245020608339628 1.774826432659897
5.006150086887454 0.6135230293566438
2.799457219534563 3.20140039883875
4.361905461407718 1.159047707749712
2.835355101341468 0.4301841835507887
5.186738105811489 1.383807711454267
3.397091577347428 1.030338689453678
3.88176088587998 2.160294043451953
2.546477948903339 1.919314757219223
5.553607839519339 2.072997461874673
5.937012423435016 1.513942426090081
4.784211806334001 2.746564563791183
2.937192855988228 0.4112139482368853
3.240987022003949 3.183416134621205
4.391976071554279 3.68414364028254
4.670252376176938 3.006490866051289
3.79052855058623 0.7288448149210451
2.853882181414162 2.969474595204941
3.953416477987184 0.5796265128051938
3.827984237269352 1.195459308678021
2.007659220719803 1.938433899303715
2.809141242341794 3.022045794847948
5.593154600440972 1.753011218179502
3.565063901067214 1.795900558488403
3.885291527708752 0.1290128889380104
4.674135079048877 1.358252435457118
4.6973421387715 2.958495848514347
3.163964485705494 1.780127975941684
4.279813391332548 3.501497017971039
4.537641219245715 1.629428968529332
4.67277971435219 3.222967792912184
3.200713040723318 2.309742477848548
2.177852614673546 1.927543967194096
3.850560762242438 1.444504816832825
5.834161034600674 2.115578093384724
4.521187676333269 3.007321373946289
3.961627936757425 0.3717293566645161
4.263290727081097 1.288270687540934
5.120834774423219 2.194595504188084
3.694941634020058 0.3234553158034215
4.666641019171264 3.072948277628243
4.497827331050435 0.9209892417300856
3.724403881015057 2.123278038793762
4.719702252681024 1.965198879045267
4.126815730497075 3.764423902379829
3.616013629035886 3.471362288189242
3.997226600862399 2.205495397936528
2.730865906668556 3.310658109095901
3.675994374058714 2.485306265021912
2.10030205706942 1.766010564074305
4.799210103583526 0.5614109786497352
4.838009100887595 1.949354632684333
2.331464396101333 2.397925416027194
2.795691879399157 0.7434872656200111
5.112537416006495 3.455826010412496
3.021152467421756 1.787180187469906
2.901203747766407 1.563037801472335
3.380002147544813 2.845605440900021
2.978874908429552 2.291349424791076
3.866922659568622 3.261302019264376
5.631762962265809 2.014808795196154
3.835339811114636 2.675740700085951
4.834569284410698 2.078869706625591
4.6457261058243 3.767685414655034
2.499390170888611 3.076674382079413
4.353828712329046 1.193018704729433
4.351711497222641 3.629680553509522
4.008350388026017 2.618083390896691
3.51597783058077 3.784588835502305
3.779599921727558 2.659086484528198
5.945902597403554 1.704485420546769
5.924739117748499 1.503113526114372
3.742857196467089 1.626022676876951
3.1079215397494 3.243123940456431
2.821966612715072 3.161200610193955
4.733034739990581 2.323014326713643
3.705805119264769 1.967194182762698
5.16128892138294 1.566954883664701
4.759912156596705 3.710447496919897
4.498589015941679 2.353842446106071
3.105622737506026 1.7115775524343
5.036172159292896 3.582231818547094
3.219586360541858 2.227026263732413
3.492476555527555 3.709317137755655
4.207496628989269 3.682491202539725
2.041934587179057 1.851190486877888
3.263012850668873 3.407703793476879
3.355566944611684 0.7266496285702078
3.613359915007757 2.235851647174009
5.397806052827789 1.277665210945563
4.154266617079424 0.1028935097405197
2.871377858128805 0.463918381271953
2.582364008168487 2.25374282618801
4.485464975394866 1.946553616660007
5.01693959411065 1.702882115811739
3.50442876409243 2.054928064476412
5.322532341556759 2.125754300967416
4.76618834440035 2.142420273988516
2.640881847394011 2.148735293497317
2.232235376455879 2.310811484863758
3.901476675329095 3.546339802346595
3.221520489806009 3.453394133273935
3.934074566947815 1.735164307184301
3.844473075317902 2.088247768885013
4.212103876496576 1.558714397591894
4.494902968279963 1.491198801817752
3.504318870396196 1.112913923433973
3.658951808216447 1.611061183905132
3.996262362328117 2.050590829639078
2.812651003081639 0.4676233343183267
4.350855418701284 1.718763062347044
3.515861536892866 2.252536305613872
3.639319639723981 1.012434053765261
4.866101058682862 0.3647607966788737
3.515427852046562 2.882202756445614
3.04093868365708 0.4932982446347844
4.123538902041067 2.072179858357734
5.037050546957982 2.869595978052785
4.50542134392869 1.916421858946982
3.25893182686393 1.405676389467801
2.999927563829693 1.957962637833256
4.104582506991684 0.4573818920242398
4.376389051075202 2.88627382686458
3.487471478616981 2.357726406284758
3.444573608204819 0.4052504054606259
3.584941113540418 2.539528743292444
3.246201293240736 1.324198044826828
4.162687898241936 0.5263921032046455
4.304755358790107 0.698335025129089
3.341298551406512 0.3986492359096399
3.010056642173036 2.154357387111517
4.265212386126298 0.8860697861877587
4.323962453192802 0.9574952139369139
5.419705456244159 0.5924770584414689
3.320525632544174 3.698393902251043
2.983635898833577 2.126372255224074
4.446487727071098 3.34853495295932
4.87697354705103 2.172891647000819
2.584085198375819 2.961902096870538
2.648021592713639 1.962088711958342
3.789265050137698 0.6722843696934653
2.455929254809156 2.867253533708817
3.079473447852157 3.557447337494136
4.735901821063153 0.7983144841221248
2.433063845246425 3.149568380300226
2.768653331227354 3.060660445546543
5.196117083335619 2.122516631887657
3.707800200837871 1.784665424421616
4.671291906361235 1.513502581800268
3.079394982398733 2.126143385264141
2.092416740579091 1.973131775758649
3.381440541426334 0.8587027150424424
5.811798673693018 2.67256379675837
4.416471535006804 0.2998731393386251
4.574851715816129 0.3323209362300485
4.790826301704957 1.987107555888017
4.617163237805215 2.06825251574547
3.341972782363403 1.870971927786331
3.784539812948537 3.177061297489625
4.747704219242836 2.403055468369168
2.500796379079697 1.013571633139029
3.695696257640895 2.823425227820745
3.948588285915701 0.04962239592830753
3.531787005482784 1.935126290911843
3.608365480919783 0.3998064949492399
5.289799657180399 2.476072472597915
3.313485835363399 0.9287093158302271
2.771081379282436 3.450632974868531
4.405017385001864 3.702616594994272
3.981893629607212 0.281247407090629
5.543628273215724 1.445772023656139
3.466571135782114 2.275709566556138
4.309410278241677 2.093156181112755
3.858137440355937 1.927728519132874
2.177020672974175 1.632311404750699
5.067716553567314 3.275632670598669
2.553846400185071 2.750845235338846
4.972171623514548 1.164317643312747
5.814695847950753 1.82036957004975
3.93584334082693 2.258224074668699
2.830764382931595 2.592897755982315
4.5171995751395 2.512787378873546
5.205265188287854 0.755447308498703
5.000761591570072 2.487300444379311
3.451130638557626 0.2385372004358011
2.387283970206527 2.521732327229128
5.082869763178147 2.323759149340868
5.358758764184834 2.979404464241693
3.389675665139147 1.192003113303622
4.874814648877766 1.067557752471178
5.583698467681387 3.212637765355837
5.769475457786676 2.048203690272537
3.139344956552217 1.661441137741567
4.356673098617376 1.21433139243107
3.743580283347038 3.388876649586305
4.260684904368045 2.894241279736395
5.105074077759852 0.4360444762195688
4.950582862889961 2.019539576932517
3.576488857097335 0.4865487958648342
4.96860679391351 7.539927855366194
3.292003771767549 5.739755422911783
3.175416353735296 7.631990743405077
4.838864653814971 4.432636196506376
4.774083170463339 5.275510048029608
4.57280381356788 7.477956805344572
5.042882808372958 5.173584671143341
5.613005229081297 6.140264034566384
5.019462878374553 5.234806109083246
4.056222642133666 5.870837207678974
5.732759114205628 5.155665619475573
3.954027055468478 6.552979461866432
3.827829528458295 7.054867017251926
4.397249735805685 4.44477094259676
4.515638837367534 4.592425458235598
5.417388204086709 6.407218044861141
4.935787697828914 5.794368382916803
3.180183251597506 5.235128112535863
3.104077870742748 6.4103806027631
4.09736611456963 6.407730221603952
4.332888031864534 7.715707942721254
2.255952527423027 5.028353197741173
4.255473793389681 5.663245784754437
3.543038662102222 7.628370248806586
4.5044116122421 7.056375473726999
3.522527613907205 5.927674662257184
4.107377956213496 5.249565247720709
3.992201698285209 7.567634537632395
3.298236162588693 6.135621914233667
4.53058625536074 6.49629271265756
3.741661691261747 7.497625071976231
5.297693399689287 6.979511251896497
4.595509417459311 7.370527932901203
5.917757301222734 5.741094880268335
3.946123143605036 5.610536017244479
4.947689610825824 4.854337599379056
4.987850356492949 5.32888612456155
2.886155506928214 6.069002629970986
4.610761322391255 6.637306238080511
5.341218499545233 6.689647529049789
3.877846684043521 4.053260296996377
4.435603490055962 4.108820251288624
3.715394842359744 6.541225502099843
4.876466245420909 4.762529111463427
3.306417191773805 4.961891523718374
5.274626140294806 6.309614068239948
5.459139881487824 5.943321546718297
3.445156103244677 4.978598393484782
4.800218146994103 7.442753821476966
2.91219546161242 5.875057988705553
4.523070945679154 5.98823317113207
2.534819640338275 4.909673357702659
3.213743555224676 5.784171723141757
3.209729701713992 5.409035812823148
4.676046340684737 5.387855658554971
5.901837315731214 6.182593876924059
5.853078218778423 5.370191628312604
5.090128281864418 6.888065549102641
2.530587136563568 5.676807466633434
3.283903853659072 6.040959523918945
4.293574352232048 5.843782424870838
5.39588649463984 7.316635170724458
5.148963071497921 4.420248163308728
4.179371441797943 4.744755046721535
4.218319734782048 6.94046760785279
3.66924631247655 6.489826811568504
3.755000354933369 4.143816077790263
4.259878922519226 4.535186103090751
3.041861784619861 6.353134958757105
3.632078153204144 5.5428267321191
5.069846703096038 7.404396584297157
3.945843709780874 5.284741303532271
2.928715012651968 6.665517092388333
5.82926737453543 6.219683317999455
3.044483316629985 6.52357634478914
3.234023497989107 5.831152700828068
2.817377132428859 4.483549735426656
3.336653209002543 5.941388538360858
2.60946024420468 6.072859062978457
5.121479203574758 7.203715437658287
3.974613492585551 7.815112741496693
2.801236690530717 6.28779881739538
5.422293329136611 6.159776928830611
3.747384281350992 7.325424142995756
5.484066181273063 6.398675011668026
3.522958005241361 6.334602939853455
4.758235628887029 6.487125929014026
4.249427055771902 7.391545355039289
2.469513815257024 6.651366236624474
4.504103768990609 5.647955323741782
2.637273532150687 6.747429014289324
5.048854102204703 5.794519955699801
3.34514201544813 4.441328845658561
4.48852254605292 7.162656593347782
3.576072015089476 4.313422094634666
2.75219765244804 6.647972879678004
4.697807135298932 7.474654302853558
3.398167273682074 6.954171791491209
5.272226328874559 4.84081700667702
4.108595782158444 4.020964432087112
2.925541553838152 7.471935794420956
5.477319394180079 4.896701139913626
4.212008583115569 6.293231009968437
5.301922117949878 7.30739929789516
2.510919267112798 5.590762014389936
3.869629731469167 7.818193092591128
3.03329901986877 6.870953931225078
3.442473703324962 6.309874303662859
2.957687601899454 5.602046851028315
5.119377243618105 4.96165442293296
5.26758614751504 5.91808444407059
5.84905761870896 6.609430456170601
3.94825681402034 7.261635847310684
4.73186846243922 6.332905378074076
2.163712132161676 6.106069887057869
4.998931192543564 4.886898604264465
4.610748931858607 5.093096219355775
4.024995466503619 5.400473183439233
4.53441695449027 4.58846898360764
4.608595229903241 6.688811755406102
5.136376044287063 7.214314772173573
5.40918205735901 6.328160330474995
5.737752150075677 5.093724004058481
4.462815974164934 4.260597692698127
5.617135201040342 5.881722390663413
4.67054393147826 5.367898827170242
3.572325425704538 4.658699412552924
3.24996791050056 7.132592454309966
4.753246686371293 5.309664131328756
2.95190221955875 7.546536469826145
3.474598574328114 6.634461388632376
2.249266547594694 5.081597622999697
3.437737891051905 7.112362291907112
5.627196287507161 7.005187455599478
2.708467821797395 4.719260043711079
3.196165398811893 4.463720814849058
2.908069318280841 7.182147036977375
4.724547241000921 4.32667218429863
2.985972052619425 6.22377607131857
3.773993569399036 7.619504478785679
2.477170621468638 7.214382787215644
4.044787085162297 4.89804166237348
4.409174601045443 7.890818041721436
4.595757336064686 6.628097886959198
3.022377147798626 7.011338790586191
4.891122628671789 6.941933214650378
2.335978668526213 6.235386211832109
4.011161440721365 4.526032382788946
4.708528149187552 6.254776550828395
5.050488313328708 6.123957673202813
4.600465039195257 4.785289509838526
3.022068828848951 7.626953076182197
3.230280190664503 7.585382975772255
3.803066395884591 5.781590309104999
4.639811115803975 6.541121747127491
5.15595953715127 5.619045316583223
3.9442183799228 4.383668675986194
4.132181486738127 6.46153483922384
3.762986302418356 6.510971134152277
5.869006060517245 6.395687539617754
3.780136866718285 5.276830654550773
2.368573824933013 7.044214363383951
4.592697546414678 7.908737708235083
3.752089122375989 4.212966723831231
3.883689408075811 6.157362841352628
3.997601731377295 4.593314812227614
5.60633702980468 6.01232782733149
5.40737002484048 4.73616423624174
4.086517124582179 5.072607163054401
5.050887618417018 4.970998625878501
5.387807926061718 4.849195942571711
2.401431954825884 5.415833357405851
3.467419625181898 7.812523808406628
4.713001607447827 4.223427514392206
4.401320239445964 4.617237210838455
5.923675021303247 6.10114460575231
4.290549791104449 4.835826007150708
4.414493499070703 4.254592413975216
2.780221542380064 6.308107682920959
3.160771664038583 6.712639843420667
4.841393887691233 7.628327852577696
4.628212057714402 5.291446713738253
4.983590372183121 4.30759577613677
4.206397651303775 4.082303211903871
3.549238546949281 7.58957403094241
2.622487195590563 6.972188106483641
5.049882025534435 4.939526057351302
3.326688934944264 5.395566538174453
5.464752638887877 5.882614780556017
4.687841992218468 4.616750768124479
3.008904604636457 6.559866582627893
4.282934132188328 4.032004901804898
2.100010221078827 6.357787452242857
3.066807897634477 7.699978901423703
2.97471298468535 6.75337645966687
5.574055381727245 7.082859975204049
3.733644392391506 4.042091388862603
4.978432087447279 5.117305382978761
3.848866190632022 7.232373403769774
3.584842061586017 7.548787766689191
5.490231265886283 6.969653668680571
5.455586406421959 7.32314292253869
4.748109363274656 7.136167199923056
2.28799631457073 6.254338324028918
4.177855250210614 6.71146184087775
2.228182028773223 6.529922370655296
3.012541966818359 6.635825107404846
4.613942194462861 7.700861241819624
3.069360745370665 4.603805877297464
3.986161599258141 6.560678197090382
3.9819495298099 5.659722958642757
3.005419793637767 6.020852655506845
5.626979648629983 5.36147084454238
4.848747953256516 7.527748735144128
2.439913554264683 6.142216207192735
4.572320606900384 6.365901689835152
5.307881206210824 6.397847366053017
3.527941479781189 4.716935604458819
4.856728643434817 7.524197047440166
2.569580206286006 6.255330740838355
4.607973323596452 4.36161925500578
5.65412728957517 6.93165965890885
4.134090863251329 7.047101827470675
2.34425845123836 6.198480786300558
5.283575728507438 7.10999507552625
3.3795430240925 5.622593974086485
3.554700945981767 6.156495807804362
5.709530310397437 4.982403335067947
2.024925782132761 5.875036719350898
2.823462070132021 6.349438425651027
3.833821566950957 7.118126131333268
3.323444361293499 5.917185658617364
5.192510052010793 5.524883412047226
3.131251306564677 5.282433171759495
4.163849415908681 4.182609232119482
4.396848454287947 6.868011005208142
5.426401828840302 5.285164082730727
3.711426148861386 6.753066605300761
3.195535111641712 5.558432864203295
4.698528871185173 4.225762490742492
4.159822018715611 5.306960625435424
2.568042103074985 6.174544194918488
5.011557156611639 4.892155082899866
4.559983330121141 5.797183142508613
4.680501256111743 6.242767106072158
2.720354817432704 5.614125952453138
3.682055409614691 4.290120969026316
5.192073072855715 7.343502396886725
3.05670356203669 6.890965781665035
4.185800346339471 6.581462752000385
3.314057285098781 4.995702150652157
2.749061904312319 4.956932220947253
5.493691640034698 6.66202779266719
3.510704499040116 6.727263057448452
4.661803073810428 4.999852287391684
4.446891990620923 7.617173236504358
2.717037425632713 7.504332045096624
4.817419169924952 5.880977868331845
5.289381099896593 6.494911507337722
3.999632035761705 5.714341202020917
3.827430603092602 6.252104791676317
4.152420091022364 6.807760893904126
2.277481082534554 5.945312232124667
5.374542115163609 4.707272858073962
5.283068947988541 5.180385201217541
5.63591425130927 7.090496673008097
4.472387381840894 7.63665605116302
3.218881893410802 5.654492935058135
4.652771858708144 7.46741385091819
4.845484310045397 7.156691889248055
3.941001440161994 4.569186338740288
5.460751790633477 5.951679534295236
4.147167521290745 6.406142333881818
5.545560967294567 6.886499660985826
2.907232719774218 4.646044785755346
3.649404121506612 7.357967597500336
2.839844443414989 4.997187080028056
3.477986685605631 5.072291020063166
5.481445068959811 5.516605674716271
4.828719954752057 6.709707542087751
2.413765903623311 7.203789116174868
4.747091233991886 4.16712267253975
3.896145510439034 5.026088740984046
4.02722797006251 7.957929800767115
3.987541574847237 7.824194012956146
5.062520040538747 6.700424455413225
4.559198487227826 5.166597007094448
2.195317499488642 6.206527383793444
3.523015177213394 4.695305498071385
3.129386130611456 6.745385902597587
5.390892364786943 5.466370959067102
2.137932495136913 5.471474615463535
3.511963800877684 4.202254020234871
5.930142757565501 5.792846002796452
4.319441647245722 6.698777919094087
2.101046828259963 5.476391825380854
5.065631323928487 7.435322260724648
3.372702313492087 4.809726736841535
4.412905389244306 5.443133806046817
4.83942694469936 5.643228693344809
3.267272429818147 7.779317616913579
5.410565315364265 5.31058247927969
5.334639071930216 7.487241978616032
5.877109892919833 5.587290403359966
4.67982612360538 6.061171984932135
3.940486778968249 5.63914162049578
4.325044848659165 4.9256615028563
2.966599535064672 7.284765927104328
3.200642437304215 4.70109051327334
4.674997187092266 7.053078783958197
4.865219752864647 5.144537663887149
4.377263363532302 7.599634832205786
3.412136551009371 4.360861812087578
2.380738991857323 6.316709365755068
2.913524050074354 5.917003955831309
2.8312268004151 6.68648988051596
4.512074306163058 4.72499108379918
4.49010852641752 7.280519049836325
2.88364264191148 6.136508477587466
3.390104722351737 4.690430571139856
3.103554675897363 5.663065521773115
3.120319633183154 5.970059740292388
3.556698725757537 4.97409525531443
5.779247686592686 6.26008697619911
4.901607956305243 6.468943235566064
2.445837458212147 5.048107305522544
4.236796036268222 4.690065842717611
5.453642676933443 4.649851770446366
4.553138129197322 4.984854209528272
4.991696751385415 5.188242637870749
4.753811885500207 4.789317459187041
3.073123638908038 7.494212367307024
3.580184846531741 5.411575153326069
5.120758084615087 6.125450845667112
4.090733846209975 5.536156152984664
4.644786037290958 4.959923810551156
3.106622682208334 5.625777623516987
3.304657761701129 5.622096609179963
4.251789364873065 7.254962172654118
4.251634862135923 5.566320415035062
5.00499322706929 4.332775209177743
4.413888767850475 6.547577718945769
4.168165297061406 5.739175921829438
4.723109194301736 4.376812275393134
2.023268112435798 5.837382487281771
3.975634889114366 4.217861175040996
3.197274038137374 5.447741727018506
4.072940861333702 7.166266528738998
2.424135414679575 6.918800242350409
3.481856435359631 5.26843270884175
5.442727559864005 5.701763969497242
3.695596804737204 4.038821281753266
4.175408781830244 5.941422190493318
5.598990676106364 4.969987247022075
4.845714227645399 5.544527419601423
2.351216619667054 5.328866212846949
3.948561097572405 7.998711527444258
4.788654467519926 4.956160353287406
3.644112924442372 6.758361978279196
5.184024793624941 5.721651541468445
4.743471813156467 4.172265519316673
3.309507233334688 4.164932549035073
2.446557310849165 6.74690879487859
5.402031673746276 5.879145174633373
3.367425286352409 6.86032836437561
3.644993558054081 5.24394056804609
4.780070368706165 5.063337608935986
3.241529906958999 7.037843198601992
5.416527222239283 6.538497821428301
4.021337334508862 6.445878968018079
4.974000164270077 7.273321412253498
5.676937733295595 6.78850896855046
4.458968870395827 6.666986476069539
2.976854100375091 7.515489508833568
3.895469205133919 5.517860275305974
4.884850592202048 7.236071697056127
3.68265202502891 7.013514877789014
2.248478434724853 6.173069762202854
3.275932549993151 5.449233403517011
3.319332560882633 5.119799895690147
4.283300072122209 5.871664042432609
2.439816419252876 5.738026576958791
2.84212548440875 5.082570593744789
4.16349397764548 6.844305155982685
3.453317312693496 5.584382975421
2.821719477244521 6.592425111963639
3.140283841395311 5.183611930471979
4.547340161702717 4.615256051971617
4.01200550119658 4.35788189870716
2.317956645388032 5.220809253127904
4.438172132551492 6.191085589275115
4.003914071498418 7.568793011874535
4.106198743237313 6.154451699216668
5.078997226481251 7.566387223196505
4.582072385669075 5.508533130405506
3.702997326481196 4.896371121387753
4.20379991655893 6.543957573288017
4.968981595059654 5.520671727165221
5.75298257757237 5.171620427008212
5.348755526896701 6.233725209625929
5.065747218581634 6.247763273301548
5.714584051844773 4.981996403082349
2.711706986670298 6.716433303683709
5.151118704845917 7.539413594620969
5.375010619944304 6.009563592111734
3.572016289412105 5.612720365962503
4.035722966356925 4.743948407407172
4.282384653205766 6.747502096410823
3.052692963924717 6.934468736994171
2.864184039583545 7.409280860867746
5.011951595546022 7.655822458445394
4.600277321336444 6.685310732643972
5.635135490092454 5.062336752210173
4.321949798164071 7.191479086791199
4.692507283680024 5.5914972476344
2.329278338539813 5.03857619407221
4.104252012515447 7.088986544128508
2.887000094749462 7.300935773993789
3.94992043077224 5.170116890869521
2.33956450707484 7.103762331400048
3.375968692462825 7.009324038632483
3.268966135464227 4.316234068629715
4.330258644542897 4.687507110068005
3.342374925531149 7.503541044806882
3.467049704307708 7.878613774274266
4.148460315049066 4.625179845775192
2.388011949096849 5.012804287352401
5.077676988121411 5.140924926798266
4.215998813616223 7.164384150055028
3.353778603968659 4.805794933881512
4.952104001787118 5.146785906137605
5.072657295803428 5.084251819878348
4.793059770819537 6.228303540860474
3.552205278146384 7.116472620031344
3.251315238875359 5.86896569914722
3.397569644312549 5.85693833344098
4.065309940139171 7.188761050878005
3.311877201262671 5.434825428325799
3.904811016482967 7.806587265074902
2.203131295827416 6.742540894140378
3.830934966228049 6.513990599941609
5.726913709822128 6.40693967283228
4.309615002297729 6.082852906509569
5.590091452063882 6.939595413986105
4.866231317580636 5.572926900294568
5.439913354076108 6.830432494757709
4.397599036577081 5.949009616179385
5.121976352060571 4.370617382076065
5.606369120953429 5.245938459705694
4.887870482454808 4.225201776389945
2.772694763653329 5.953535493670518
3.667281525153806 5.219447206659027
4.533142732866976 7.046980273340294
4.439650685411985 4.427760720251963
3.496313183161655 5.90748885223995
4.095315298088075 5.050878312932848
2.909690290603804 5.208023780798551
4.156909078037925 4.310540910226794
2.818040871684969 6.322505799068761
4.874342778974823 4.538752482005278
3.433411637748994 6.116231147165967
5.132788748873906 5.929587866284783
4.032493715820568 7.260692140719829
3.814440944772124 5.589730710458927
3.554314332277759 5.86083312567262
3.904827896816076 7.193169911267471
4.180185423049657 7.158466996631081
4.014539459969962 5.885566117382719
4.53088388621019 7.415867738537583
4.883397713507922 5.658723985216795
2.63884335652534 4.686659230539023
3.483767630407451 4.55732074039607
5.296554323147882 5.226039444769809
5.499406740587037 6.484815155697594
4.296914220738669 4.079041138420243
2.775671676154126 6.354065848023362
4.520086695634101 5.946075869677938
5.014858475217174 7.609348680513962
4.416217867941176 5.012137534605825
3.928585048442019 5.638756347552005
4.173221588628553 4.71395755243604
3.163622300637678 7.326210023102992
2.269564565733523 5.891968786825959
2.191377784330407 5.953413723863726
4.786589253216444 7.49933501700445
4.256300152509255 5.505880544259409
4.653624346347152 5.332906229549574
2.971469187672449 4.543965052018692
4.043971272778042 7.041857036827527
2.366863817368302 5.00156028908117
3.584530859302821 4.863202710418222
3.794712714910982 7.940712948430878
3.932138390290538 6.243454589209058
3.388670567885339 4.597540856940637
4.922813700655064 6.681089783688525
3.172445482901407 5.769883094716816
5.307329097801578 6.361925573980942
4.94333610938658 6.563106141904361
4.678085156157188 7.725039657547354
3.782372305357621 7.441085644273429
3.053187346744368 5.44420747456521
5.459212520646705 5.163724642219786
5.442810139048238 6.644536607429716
3.261882876783015 5.057588781818252
4.733273132218892 4.385816394388742
4.71867397796558 7.410083692095071
4.985735648809145 6.448424995807325
5.017262927393577 6.910117369322894
5.662102715330618 5.761809037067958
3.67615123122311 5.318660520055789
3.891866144640745 4.141386000031504
5.467969556313435 6.023285475154731
4.552038558328999 4.175180889314983
2.588829777191563 5.851145271546644
5.637735720686242 6.937737799645504
5.942359622858371 6.342125407029345
2.938465724851199 4.865735515749894
3.583735271465946 7.885572096388504
4.683581192436857 7.781034834389651
4.764289016010123 5.170793378099553
4.905574110423402 5.00936296778279
3.941184686646406 7.771065792029283
5.64379547715853 5.240274191377464
3.866758599216593 6.236089560755302
4.471730550364647 7.348251088739378
4.131815955758116 6.717170834615693
5.418683696938748 6.660819032696682
3.584155092114766 6.256287836467796
3.573888792304937 7.303593254836755
4.228829583031253 5.065779263856278
5.431104518476449 6.841424730343181
5.053257535049532 5.083453419089532
5.623275771453497 6.437386486583535
3.219564681818874 4.542016068306366
4.071331856262523 4.72126205683429
2.012321251262462 5.913214070512168
3.631153569333712 6.793034295494003
3.084852180398006 4.890669189310756
5.492678821767443 5.890350490703415
3.960494372943536 6.751312922128138
3.937948824996175 6.186639489636676
4.457653926053435 5.243628657088555
5.466913281797824 5.923188287990702
2.356914888315379 6.156196198923587
4.730117086426823 5.127634954489677
4.591240638161384 6.926211345595168
5.157323774070595 6.425179271915642
3.666855872025133 4.614320911604433
5.703720458268439 6.34389724651926
4.826508619701224 5.876618478979618
5.773007583886196 6.040406507828802
5.733298277563397 5.485850970087134
4.222332966391127 4.845585247458867
5.107373250927601 5.884858663431917
3.821601441600661 5.560172164426389
4.650155076135159 4.675548356364622
3.160741892797319 4.723650279939866
3.538763405769854 6.831159158954822
2.642795157651446 4.81431286227592
5.264090922200003 4.677066179701744
4.674486164114175 4.221170446229843
4.047292186926129 7.038945797307176
4.567944590974617 5.256278313328617
2.134931656540365 5.814497300339734
4.866210640098083 5.237322497364249
5.808252474169366 5.724330163071244
4.610422260532856 7.051326647884254
4.14464454758204 5.159466907143467
4.142530478306826 5.191308844901097
5.37676470217494 4.55228908796674
2.546062008605605 6.768150732221389
2.838675493702627 5.808568945658626
3.317967206697682 6.288901055236876
2.230094760005302 6.644746840383238
2.117180514122441 5.616603834086763
2.661613678590986 6.948670400666957
2.90465531111832 4.900719900758904
5.182635932458947 5.918134643289504
4.902394005621019 7.513093972204953
5.285090159212521 6.954203874061196
4.421279513908413 6.248450205707604
5.225335070434627 4.551179430285895
3.726469303909528 7.683290014233265
3.679427537554172 6.805677416075476
4.705938201725941 6.599765773372471
4.502011578738067 6.334030355900218
5.336872563691351 5.273254876876949
5.01544700649003 5.787434608065623
2.70268427728623 6.964797615405447
3.256491282661878 5.148201811867739
3.637704041580348 7.848933172915197
4.984085361701055 6.812544010226121
5.347119899796541 4.553008138870541
2.536612429419502 5.480054807031382
4.256916657432843 4.633388551521814
3.127809282675775 4.454848436877185
4.378934655853929 7.064972617258558
3.501877722297849 4.278838515942892
3.42507283696379 7.110013401622442
3.640376793364204 6.384978262580931
4.430548914554919 5.467053610126767
3.191930813337486 5.053622849425255
3.123865587542729 4.657291126982738
4.932679005638382 4.810263673803481
4.469781505797119 5.407975948591313
3.824834492374879 4.157881334972513
3.697707858891524 4.079581796440445
4.277941202819285 4.482655892481985
4.044022668854304 7.661607116267165
5.120353446457336 6.28216926732294
4.097604413507694 6.623248906868724
2.797693866479579 7.297394410499654
5.518835968790777 5.711689022422011
3.591066043220171 6.452477803465236
3.74460277901495 4.393325317701309
3.328438690342916 4.30784322570866
2.807724639744026 5.090075841521551
5.352709019849133 7.261481592835196
3.52650572567017 4.460750222583393
2.498688941717274 5.109395124567183
3.077275275605038 7.234896149896759
3.159780483826752 7.404097294267272
4.709620218210709 5.022832330452401
3.621806854766697 5.293970193659643
3.124647654983281 5.176918928313247
2.517681550921598 5.727382496690594
5.525229524866563 4.964097595391528
5.085244015203258 7.010902599442024
4.730818769092895 7.426011813095409
3.952306100245225 7.352700490625415
4.334942581992833 6.447170894118413
3.724731522699262 4.777877382818499
3.372604857199654 4.612541700025316
3.453383667375977 6.859137739684428
3.650828565968304 6.879784868599454
4.272187654569858 5.571017039739464
4.075669814864895 4.592990848281397
4.445277323876567 6.901296455658419
3.52432064031549 4.669477608579602
2.094144210757591 5.962016018466832
2.699365973206078 7.2541506481934
3.922837347707229 5.485282059506111
3.950717008992315 4.391038855201277
3.258808397220911 5.194698216529509
4.220542926006143 4.570999917476404
4.71554725487273 5.266718362618998
3.069337674510782 6.409403625182141
4.236565524958936 6.671709000805144
3.183172641438599 5.243025227443536
4.191741691028705 4.912215620568938
2.345041229583306 6.778698770305489
4.935474101423416 7.311474427452543
5.182241424464437 6.462313542179606
4.733125655802763 5.053104719836749
4.813154315999254 4.765143764015249
3.723795732151285 7.706728995425512
5.596671044598053 6.650496657481263
5.080541031914763 5.686450959996436
4.608314575502053 7.685344394425133
3.31034050557114 6.354111313912128
3.767669119579216 7.695154190408102
4.716698664401338 5.562689902817897
2.600855327976166 4.79604039615877
2.806597354740023 4.724351423456657
3.844197832195409 6.099571131670671
5.431260798354328 4.828612926746971
4.049485227514931 5.308330291601888
5.800723897138429 6.63324469006432
3.386159006995056 5.608340477959153
4.091304647928096 4.362848179714829
2.962137131363249 5.298498522218479
5.247457288531463 6.445116500090077
2.95512243398968 6.42459902370358
2.289841484692928 6.482100693894874
4.64607804198093 4.742719543904837
2.710852836310522 4.552003583291663
2.870274782973716 4.44682145591601
4.340876782354158 5.520063779781859
4.721603851311721 6.471991917163818
4.129166767630061 4.225652531157505
2.427940446862605 6.761048672414129
3.940410164355208 5.845344375422522
5.453332498129535 5.995984485097658
4.42705523901691 4.322137728962557
2.55945646156189 5.121479736826946
4.940451948713269 6.260093006427239
5.829377019421031 6.734882541245189
3.677120682582709 6.451027951831655
4.69343851100475 5.752840611148948
4.120210091410089 7.326316932763882
4.397399468199399 5.948024818618771
2.560538103521135 7.076111812558601
4.580437838647516 4.371098540996058
4.757119142761551 5.285627233540183
4.014217380045025 6.630410416173044
4.460971487744361 5.664454850392149
4.466698773296305 4.378397824495187
5.292877175106852 5.586923676060721
3.355939775158485 5.861541420258815
5.411391704786137 7.317489439197353
4.741951850373269 4.442823045574037
4.215487928589157 7.846057032173373
4.927042602078117 5.016674587543549
3.900839587958714 5.909025969877015
2.475832606617113 4.774986920264928
4.306797331776487 6.096580377671987
2.725929813855631 4.992058705240769
3.499242447425173 6.673015918773386
3.08191035899046 6.569571371836661
3.732962839315755 6.955092416983474
3.448254081946466 6.760503034595054
2.97827380655925 5.310042766037768
5.656088805688532 6.941196759344233
3.688869618419079 4.301031903654434
3.414691391991138 7.064122867858766
3.073829068185396 4.650246039644976
3.677500900234355 7.90094773745954
3.579463919051407 4.645522093112106
4.65624586796392 5.428897875386274
3.832624788402951 7.792793758327464
5.102625116269417 6.725797198218755
3.55421434962119 4.449487525583169
3.112902043601319 6.008126369219865
4.795946672820991 7.710797499178653
4.795643915197987 4.998084417644955
3.389851590966053 7.729981775098238
4.719740613296358 4.84109211889036
5.285176808413086 6.055605352373009
3.418801320238669 7.100230019167168
4.49188600628365 5.964900736701352
2.860608648549687 4.827297244159622
2.733970320041887 5.769385385476273
3.064699923251339 4.661407956404156
2.739917078385996 6.787230622198161
4.465672084597851 6.852023370682224
4.558287058706457 5.005322338209216
4.900155567214799 4.585280093238207
4.346405968856274 6.2418439950016
4.604190070307954 5.173108307327247
2.246864203655234 6.001976605637132
4.422715623919064 4.88035174440541
4.057583241099794 7.177383342719189
4.270840284100778 5.344631487235657
5.303277128428801 6.524345154181221
4.700275599695381 4.622274939032518
2.737502893868739 5.812183620711596
3.348807400952655 4.372329596126467
3.823083585642046 4.021512507334997
4.827381804698266 7.729480335267197
3.575797671001962 7.350157404610142
3.110491452241089 4.616895282407397
3.162554510651196 6.864918522997682
4.709753838834012 6.894037147174179
4.549155886002139 4.523250851649797
5.011665555575936 5.527058311566273
3.506659015049304 5.558269976496183
3.171903376744409 4.99485450450557
4.949155418630198 7.234656936569552
3.868581647500651 4.082017517437824
3.78935456118652 6.187359735731517
5.18637201047982 7.530132017653367
2.44593011388238 5.042267624502896
5.747269306808992 6.544972923565195
4.487536046276016 6.400436440299609
3.257447663090743 7.70473591712483
4.220953619035701 4.437374157224154
4.615310640882434 5.91120988800014
5.200228384785214 4.750969234284419
3.504963831753804 4.473194035275325
3.299383674933108 7.30281162295613
2.231192191116262 5.281358402674722
5.256924429091941 6.356374253325946
3.233654807869772 6.38274371575151
5.56197583198777 5.552681675286909
2.806205440209988 5.780918838254371
3.719007989826516 7.117212344028122
3.779374295324751 4.306623131819483
5.112359591115789 5.473190800389649
4.600736165641227 5.501904900616153
3.165872919386843 4.81364116998957
3.899829274769573 4.28889613665415
4.72611675321781 6.870380871180248
5.506235366644917 5.92855402510126
4.577274676572237 6.007056350054778
2.242562003107064 5.292594278868444
5.283262153478493 6.669742406061902
3.127425021266531 7.295350212065575
4.034923264008247 5.670985503684768
2.464529051305971 4.939572027800878
4.737261805274108 7.405091082822238
5.87958280339075 5.973105979458261
4.579502251604969 4.323441539723554
2.907305064132729 5.668648105926883
4.696306060089915 5.33430234796644
2.30344475995865 6.077303200385257
4.145070731699755 5.984429139869493
3.763667946652385 5.835332593576156
4.407266852994868 7.665923118685889
4.727035697627753 6.379302251972344
4.068741933443816 5.679672348012491
4.271073957862608 6.356506731800151
3.780705817667776 5.434181879353626
5.046604592819973 5.426955916865538
4.103147563492793 4.966600452664704
5.683183457793577 6.61631553240014
3.326975026042093 6.758285253254106
5.618516894542692 7.064169707811128
4.082530808037877 5.74942727920328
3.982754209598771 7.082275271833828
3.662274990313738 7.693812973006805
5.02293195416443 5.337738426581474
5.447854818679261 5.67936523551823
3.211226737812634 4.274328066104486
4.580281089064537 7.261736967739875
2.967550398872991 4.485135015170236
3.66293270937232 6.367935119527377
2.748805595955819 5.724098333995595
3.108676435864056 6.847505421590853
5.076273194494908 5.756724123013644
4.124815010776695 5.97440370187312
3.939189811384294 7.54093773201792
3.183832883304312 7.301009321612335
5.147379352192967 6.48303835682288
4.693340726991886 6.603855184360085
3.947279578868396 7.216476952765404
5.146218863409828 4.727810096238882
3.109653180459112 6.935454786682178
3.472150737987622 4.153718742222178
2.730286986755873 7.067914094500111
2.959094152902516 4.439700825649663
3.402377795741005 6.7501024163316
2.123093111556214 5.964219997769149
2.675906804050395 7.170149226713551
3.019027853169959 7.329026453775906
3.663042224574451 7.891552312032347
5.30783873711748 6.796293866380265
2.201252843466115 5.774616906842178
4.704883223173193 5.243192385924308
4.885821756756833 5.819365052285942
5.37482955129426 7.283326202098568
3.830920719095569 4.687872811653742
5.53317990378266 6.061912067180323
5.652617758194317 5.699222377838741
3.642521378115844 4.394030447826292
3.276198396020924 7.346121092498304
2.481054863076124 5.360464996944781
5.254847864908905 4.449958604423776
3.646667082354834 5.029011251607649
2.145192253839071 6.480419200931282
3.395456568638819 4.892269090738912
3.48815261610135 7.550766829190122
2.120177692959868 6.176379185667164
3.19967809869018 5.878219445263755
5.093231971451207 5.787104535561661
2.904389535618927 6.615587957043605
5.143459512900709 7.278263637713703
5.052116452469873 7.278923526084391
4.327417291257901 6.866492322615572
3.033685901745626 5.60084761378753
5.817449611644586 5.391418563938009
2.269238591592816 5.22780903922222
3.241961540633541 6.202629221706676
5.429242910511363 5.410932055830068
5.176381767146456 5.048735874231593
2.052034540289156 5.990631904891269
3.771930723491237 4.3722017387191
3.488833086327197 5.78566121340868
4.8202305408442 5.705530364145654
5.165015437632242 4.397861592777949
2.532531144571331 6.75763999749735
4.205708619426241 4.176992866508318
4.839083702837216 5.705171310599879
3.615715173651694 6.174820070236558
4.302283877926168 7.513880328749456
4.82671723640774 5.202564258410233
5.010024416812039 5.135906318262836
2.786044249696779 5.290644358147875
3.99818197667478 7.497818124969293
4.390618330029351 5.581469420940616
3.394254144701259 7.742390156305367
2.215097455023821 5.79349063153977
3.798040209340933 4.365376695048341
3.247940928557405 6.225221717078364
3.908114062020132 5.559142291572509
3.83068149625556 5.849751521662287
5.014927878419213 4.383891659089642
2.728655198074148 6.124674092793612
5.677415337839423 5.235657602697863
2.951941315996415 4.894934269089542
5.414757813798239 6.349088072316578
5.564451916197307 7.100580965983518
4.924497043136127 5.716010180694997
5.056308441240413 6.669761526524571
3.657179919575688 5.595783185333267
3.246373377512962 7.357029824365032
4.209651765242054 7.188628698257057
5.201758132708381 6.103107504659931
4.059946292743883 6.671106196489651
4.868695806669901 6.173435722194717
5.306657289914524 5.521188529120498
5.393825642229141 5.275642319274559
3.826709128068901 6.018210355451641
5.346762709729689 6.217527212825664
2.884910698995624 6.336595791833709
3.390448838416948 4.457663963907338
4.651230733773094 7.226849957995911
5.305902300756028 4.709868138157252
4.686687324352505 7.446318951705766
3.805540610325115 4.42224127972751
3.772762199908589 5.052609146232793
4.829058567275142 6.346850009475141
2.727507919370176 7.279981273154856
4.256976548068646 7.966620362928843
4.890725989773545 7.08776625771443
3.104909831789179 6.969207082262678
2.407746014522488 5.787669731285224
3.181929234239079 7.374994551516908
4.380482044010958 5.191130276006901
3.945606155484575 4.639231884647602
3.105744651562834 5.880391274525275
4.930858747737595 4.455147818223755
3.275237905597055 4.864073420906331
2.953466337102734 6.000055245612864
3.791359359991715 7.521009077894529
3.07796846616059 5.570704279021242
2.683422465892253 4.554307833851794
3.965004361759035 6.905263863823704
5.593825292751525 5.645341801119821
4.172679146106229 6.491766614756768
4.508228999855357 5.356752985253826
4.37001839425862 6.91314904004492
3.078808892188603 6.363831017975684
4.466582784736438 7.765799417857516
4.395188878491819 7.60784363327302
2.470922955919101 7.267681995356727
2.768324201241955 4.534260539844288
5.806517772125444 5.40364421320671
3.282713319639162 6.796334586844138
2.1470920963339 5.481336024749454
3.407328918038004 6.464244424977718
2.917080570182927 4.754195213294897
3.923403040377981 6.269834220050416
4.709616712454052 7.26848676580124
2.597446266833632 5.343394905865282
3.616580426473144 5.185254215086062
2.913642735888154 5.621950602978168
3.838721983976931 6.816156085943897
2.629018578935467 5.335056741286164
4.145903751669131 4.127994055232323
3.820046796305741 4.21770882701723
2.606883270330686 7.399653116766299
4.056989127876026 7.375607701278185
2.657430875656733 6.008850053429748
3.280366998949732 6.48272084328031
3.702607272299602 7.042937371039907
3.556311802113084 5.440001069827651
3.519001100976315 6.705135752595432
4.393772650781155 5.998561198342469
5.806994830230721 5.768984627029702
5.257475551542981 6.361936698840692
2.180809445128766 5.399821193215694
4.342074739487522 7.051287563591714
5.708950732902076 6.33306278687105
4.160130524420654 4.105340107967296
5.143444918112609 7.154481111481435
3.518209763935961 6.157638906266856
4.002369501912738 6.708919604583485
5.747284229661792 5.51719447943415
5.513828806021825 5.753941470395528
2.579843906338254 5.798695349318716
4.76904632805701 6.503641128380934
5.318160303013349 5.106514787089155
5.2251627938222 6.265075372971436
2.352497146029583 5.505843510678406
4.448153904979693 5.970176435320574
3.617268533196443 7.364387219889224
3.727228144051468 4.876645153171272
4.11644826703741 6.442808697633593
2.271095891817546 6.972000300395694
4.720248453711474 5.877157661427339
5.13629066908744 4.874543779121598
5.293429634728252 7.176237604514553
4.830674001002673 5.885539968072481
2.784961264579795 5.560750353216471
2.214119438780065 5.834977536981863
4.819142212457159 5.468489863778583
2.374752221797634 6.447572045693937
3.353994219069699 7.498782976089128
4.629395758124242 6.799317118745671
2.326821004013822 6.009054784202764
4.813473890863985 6.683308841982731
3.229412292863037 5.669264954074124
2.80103759701849 5.776362482944878
3.598004273257 6.312333699653104
5.22453179055149 7.42122775680831
4.924884648890519 6.966642947498035
2.99822535466938 6.526200025704048
4.152450938668945 6.944428718361982
5.199295404287978 6.038658484986792
4.145588156782374 6.544099804886754
