6.843608160267046 3.400505228957686
3.880758520370389 4.426595542407851
4.379261069800453 3.750276995960176
6.231427994846179 3.227582977927294
6.019949835539107 3.162827596224809
4.211033791162135 2.537385630534549
2.4013782114128 3.48492854199691
3.797760960530543 4.436288141849969
2.888517541928161 3.806012647455689
1.090363297291282 3.33570393026027
2.3411454398131 3.903301406056765
2.679019745322997 3.650138292218032
1.801408808897839 3.420311344785695
3.997286863951317 4.18397041940559
5.509989647042472 2.682452183756252
6.347114237407469 3.234534078578366
5.856810724313071 3.947591492313941
3.081591416765157 3.029212310730644
4.889912528932267 3.805597644301179
5.627231970797989 3.845727165184665
1.987535554848684 3.791530792466957
3.531170731454507 3.952179151176298
5.604584690693118 2.776411328687993
2.340255465202216 3.051803542612455
2.918318827346978 4.409799671582531
2.05317551919372 3.636167314007875
2.841621058114893 3.649511889459825
4.902824338003216 3.807382523389772
3.724920999783305 3.955075731569866
6.412750369495331 3.559578031536091
4.002705272914213 3.625293210130466
2.897806988154195 3.464396367841831
3.549018652976479 3.146221354675625
5.630013544430184 3.212442700548124
3.307092082097899 3.502554995528159
3.680185947306868 2.717920652144252
5.200404554957164 3.886003605999591
5.877068845693731 3.322579111212268
5.664452442217748 3.604321363148228
4.865801860866986 3.979934887036542
5.399381915061728 4.353769178101489
4.356552761509724 3.312427554848999
5.01770905767031 2.640846119645224
4.640038918995016 3.784540350968105
5.167563816744812 3.850396762123466
3.950248475147596 3.276217669418842
3.321308077607044 4.453124008335293
2.64518504695006 3.460497101417666
4.597548671920187 3.876089458707288
2.664779070132683 2.690462278015335
2.623763121262272 3.956385471517672
4.281361779193078 3.587582047521567
3.490268123329108 4.20928970403514
3.722428476553601 2.667904319152598
6.423710942469252 3.441243245350678
4.970654440985249 3.42735527480885
2.72398233205451 3.837445104768397
4.672155860399461 4.137509596702633
3.808934274496746 2.879324208140727
2.790585265971607 3.863357018749534
2.953046966368985 4.332554508446719
4.319191774165159 2.561154445587741
6.612533002310691 3.810901906599137
2.35839582696004 2.769143240787153
6.37165352026272 3.052655159831152
2.00477475037629 3.976727278783181
1.638736971780673 3.510752155061523
4.110462254766409 3.835733545603485
2.733034007447837 3.316389407580703
1.534081693663844 3.148943363646989
6.396299420373134 3.228479295623071
5.962858672388711 3.681472542394346
2.058723718293521 2.804421920630646
4.802633709899318 3.194229730438856
5.886301849923398 3.75492316703509
6.208029685488107 3.1576002391233
2.2825359968196 3.578503186239362
5.906295623232204 4.197274791982734
5.911412347294498 3.919143246631096
6.430952482499089 3.669363614480177
4.343739068340835 4.36449294641144
3.498738672334352 3.526731121115688
2.189933680196309 3.534625548566669
4.25788690556336 3.41877024761363
4.528477699759154 2.842733279374181
3.446312136748773 3.717027595437734
4.209401165745492 3.280950020060345
6.268375935455684 3.695493310915632
3.076878370673589 3.458392348662888
4.623667887122862 3.39896020291607
1.568795700245591 3.960105183012431
6.365618269626539 3.627272856816687
1.172248034322142 3.196274118941534
1.902336742529986 3.287302808729207
4.841344746387696 4.099004681550823
6.533201316515328 3.524788331915674
4.588032368787429 3.282095680188022
4.183172746233925 2.993001437665396
5.147259994124173 3.574725721631206
5.053755461349061 3.165297068235093
3.594075706802387 3.958922369090924
4.46991600474004 3.964610389880407
4.32736815830711 3.329510369652355
6.646762555658229 3.445445858975799
5.27693299118369 3.805403450005659
3.164004186036187 2.891578431657305
5.991099139882913 4.170355890644977
1.476313025854529 3.175211410852725
4.931959577277075 3.731568102192024
5.424161271171437 2.800095637988884
5.836542890555075 3.894596712003473
3.223337566658074 3.152719762148087
4.039181610141514 4.003763453437426
3.646718155697792 4.26283098031735
5.217401427177159 3.676269225318349
1.546206715918127 3.727824797130677
3.229157232082363 4.432434663617173
5.323731823286398 2.709777502959273
2.103038253764187 4.247560432003321
1.469068669697921 3.80027511122297
2.693866426890008 3.99022315137947
1.789275473934004 3.898332081130778
1.463798956315246 3.641167157598967
1.864169094548819 3.762182441537587
2.26586306632034 3.526975836085434
1.559935248959426 3.522154011014802
6.066064330606079 2.872618623756952
5.4426483038207 3.233388236530149
1.501877352700252 3.354050119242971
3.107439149046949 2.992965697111493
1.352682393238479 3.296289697107677
3.803052467607308 3.286743824346405
3.182971675419262 3.684109436909039
4.315848607606622 2.83284086922915
5.397185349616672 3.151007209383251
6.354916056086521 3.687218409357305
2.34535273847887 3.733402622197918
6.229748073435124 3.207105094046675
4.065305458531516 3.362578299076291
4.799519553917674 3.816070323717041
3.689338623278751 3.031588130003392
4.070494082172663 4.389079948104541
4.693091007840323 3.192634438642367
2.301693156657769 4.161913098833852
1.965599830945368 3.563500043299676
5.780091420541662 2.803793219087392
3.193196616217655 2.545202960784135
5.10183786793438 2.927620245931124
3.855696119247948 3.077004183297382
4.640733773177985 2.739951924747253
5.952732585605187 4.106330316487128
4.912078100906865 4.199602806676233
5.792320505589934 3.868347718816567
3.182324470233455 4.257122378020565
5.793770669567341 3.812085671958708
5.915931667856063 3.402857701271064
3.624687908963396 4.084642257295381
4.433344062561529 3.876369082842983
4.792945212131144 2.84314683519575
1.845558519211469 4.117986317071484
4.806857891472282 4.383644146736681
6.672147247556023 3.890057323563939
4.493969341066086 4.130027072705126
4.382200316050883 2.836404700886568
3.404481799693757 3.897905320210894
6.624881154665161 3.364027292910484
3.694630508618473 4.197823793729526
1.435955572582071 3.416136828991782
3.110167902022854 3.870274485967644
2.771567276369614 3.981037942814711
1.406839312430053 3.81002642244776
6.398299910348547 3.618063456850568
5.379273875806219 3.285483254812783
4.456683961464546 2.663855544029204
2.869334996809467 4.231810861270972
3.104480922513027 3.028435680976749
2.584108998594221 2.739247454509957
4.31530875249987 3.831465189164928
6.196602463635361 3.713851138283303
2.761790326088148 2.785103483982897
3.320800405028474 3.825503229283111
2.229869478878379 3.632402495848785
1.951905048190682 2.989556882906702
2.164626753466343 3.173777083858497
2.940333801256163 3.089009199445225
3.58272330589712 3.538746367618758
5.130364426011552 3.00240965338332
1.190938307248928 3.539879336001365
5.592146637838931 2.728896875392916
4.131280766292653 2.97608082844369
3.428202792839728 3.219424450788989
4.294192854348703 3.884740043678199
5.022777840878111 4.08296887581038
3.625729155526226 3.718798767471825
2.371065918403616 3.078019580930492
3.979852062681862 4.093878319912325
4.473479236871963 3.049161508131912
6.763345721395623 3.841416548919401
3.512015128658757 3.102784021470946
2.031085002465949 3.32284545539792
3.169192931898588 3.982561415874785
3.259359784517003 2.545952321172274
2.589743730518443 3.996973821365951
5.510142109954095 3.92623559883465
6.444200233434408 3.059149836699976
4.614909691688533 2.794638430057065
4.794031619843923 4.445698547107418
2.87632274935201 4.233077215832488
5.029332979365887 3.641340435321319
2.634681217869448 3.594809675528961
6.535838213446613 3.349870443828319
1.70270659447062 2.857725063950189
2.788410105328833 3.249233490786144
5.613380783740415 4.311509993786167
5.354521792021172 4.199796575306651
2.506364783477483 3.244047107513263
4.340148012683521 4.440467517986086
4.961163507458604 3.495446721493287
6.225995169040808 2.941696938321507
3.875321774104947 3.844331087190205
4.884083568649727 3.923671486619386
4.201049790709599 4.287107689353074
6.245468564040293 3.200871696448657
2.179461363423419 3.294737779544726
2.236628906359338 3.402218338546308
4.632016347852674 3.91475509682801
4.004889277516496 3.004981534977703
4.14302452617013 4.249796135734427
3.814182454815811 3.468379676870944
3.996083714063624 3.063856911029616
3.696254145349425 4.125959963444611
1.375522422738913 3.204648415282282
2.724024158029878 4.331843243562011
4.629433090194458 4.35652155558996
5.08787826259879 2.882831168652668
5.723106693699137 4.03448995067089
1.929541116005494 3.874044986048243
5.781018074101797 3.584414441333054
5.476105598398479 4.006736157115935
1.822396427424297 3.160228387055925
3.303454399084752 2.587249382954471
4.604157277767125 3.549244279365978
3.60137893090675 2.543890983010519
2.677501170790547 3.309839105949014
2.013653806177461 4.23225922683984
5.594204014641948 3.436442349103159
4.749243474626135 3.515106099032614
6.258614659241669 3.247257058156841
4.870152804193345 2.573029078954609
4.939078680102805 2.67868111679861
2.206398288356149 3.098367539473879
1.167739900035055 3.64938701509153
4.0373321854349 3.080792357999543
2.233754433851828 3.18632659567026
3.584400235745467 2.848722386307835
2.372228091315795 3.485877010230623
1.14283907397042 3.485301368525008
4.883006786397394 4.03975757221049
3.964551667647714 3.81126213058608
5.139884667985752 3.825125615646228
3.022865427534698 3.539046702786797
3.29453955729656 2.850553907873846
3.233833192232149 3.150306099805825
4.547593204762021 3.26433720232783
5.388600901827219 2.64222017326588
3.341699757434904 2.816368125929508
3.395435794280291 3.385036142353387
4.827918330625511 2.88356434099887
2.113883986312112 3.619816103827634
4.003546074616754 2.563383113328111
2.9955360049392 2.668455120756384
6.271780486209805 3.237394233317535
4.575041176269638 2.942505661416613
1.957005580481657 3.535875860598152
2.244210902797653 3.455018610683288
1.229594951673671 3.221928928308278
2.960862322941011 4.190994295651966
4.015112991779595 2.851453553060722
2.832806905390726 3.337097437810225
3.951651650921156 2.706759874137771
4.600343184796859 2.773215107409385
3.770138158472114 3.780019883919407
3.597487481509504 4.266493742819641
2.423554164117153 3.560856943326355
4.380160371062153 3.649551334325283
6.244249636802343 2.992377043206742
3.445740560474648 3.944063319885176
2.85218286512518 3.01582511474325
4.266609887424274 3.872277974728288
6.908311054665166 3.511688446149924
6.157320239697094 3.150079367459906
4.027462828898231 3.855047721993535
3.871233007957696 4.486102467403636
6.410273169961076 3.656757965677346
2.87549203200264 3.579849096021431
1.936129050894387 3.294870449152969
2.888409783103497 3.224662250422316
4.667014404591827 4.418854412907936
3.589151575804676 2.892052341340821
4.327745215937266 3.43225727398318
3.297364101290816 4.186192510798899
6.362169398808981 3.74029706883657
5.210217682841267 3.394160052257401
5.73600752554501 2.744999587964868
3.384959961281636 2.980061294303212
5.771173376585293 4.167522216662238
1.837172220878188 2.930975410464328
4.896295249392412 3.200336692075887
4.995320420703965 2.790406554397693
2.624204586639526 3.137051352439734
5.310657111105571 2.670941398390916
4.149404206187139 2.814827192538167
3.241749740655988 3.604383445383507
1.68297262085138 3.19875339466799
4.517334013675917 2.527108920431429
4.037628966691983 3.252595790688011
1.993547628672208 2.877649760599461
6.454767188535662 3.20052235229477
5.951290671136593 4.057177051757794
4.405568150981233 3.530453658089983
3.601094101476634 4.406202232924455
6.29935090658573 3.648659352184516
5.103908686682466 4.096134251043234
4.618498365310835 3.050950312380976
6.991269167878064 3.438302447961525
6.380821912749624 3.223799766391634
4.154804794282869 4.381357674525871
5.606911621402478 3.686376344523469
1.441827851244815 3.072827848070954
2.844962850340359 3.623756540215901
3.643125188608373 2.75580468161753
3.530711026406038 3.168911925126339
3.793440107789074 3.388485881611758
1.925577033201718 3.156507805525823
6.123122513166306 3.087382158977594
6.948847225728762 3.510284271161167
1.899430698010074 3.843214203608417
5.222611035448336 2.752824453831726
3.261731419286409 3.221340334210629
3.90521086302385 3.440959303803201
5.086285111638388 3.30863935103154
3.447867241079396 3.494265235161998
1.495477462503466 3.715124203542591
3.004002568014586 2.635133402769728
2.773917038362709 3.405195632761404
6.151852705248444 2.976805426371111
6.417807733448848 2.992871032620047
6.262110021231494 3.145579246833261
6.523848183987181 3.181715094469583
4.716313598313361 3.441689690810627
6.292915799772449 2.864302490126702
2.69796981339881 2.955765152118004
2.04334912562351 3.476846338517457
5.444186063011652 4.139415099995489
5.271437678981077 3.222112487927656
4.116117358200619 4.372545003521477
2.523274698888606 3.943306216621628
1.717383899692724 3.497889886811885
6.705859062888634 3.853340850562685
4.414746970712172 3.208969183244148
1.40930165849959 3.691734367693583
2.317307754908369 3.194161883070342
3.361235133077136 3.881604956806594
2.409784355518019 3.338363963832752
1.230309375841231 3.311711077250714
2.507314451959534 3.704278005650759
2.653681903288944 3.01462780893378
4.138449908465851 3.767381717279018
4.200163712709452 2.583116054888326
2.580735664166771 3.820284182663785
5.187801504984018 3.660654043851306
3.686185806497205 4.249495089293016
6.232421459146991 3.917711532473435
2.153272894815213 4.107515639510348
5.786550723718341 4.22269775432826
2.217100625615384 3.592447150922491
2.482382879001912 3.736494451939542
3.133177543647254 2.658363267458647
4.452167619351679 4.180775438869592
3.785060759287976 4.32071276035739
4.881890365316838 2.635298201312369
5.458304238625576 4.179569966908631
3.57805320542017 2.980854778762545
2.630046989509716 3.420633357228782
2.148250812634751 3.678719921238809
6.096485412289768 4.104697279014932
2.517244749574925 3.129515952860075
5.40570632101177 3.982228371356935
1.974241258732929 2.766902139070578
3.232114060318642 4.274879956121328
2.495837926134955 4.186219702543008
4.724497941976943 3.785950401575083
3.611026038706338 3.18960791556149
5.49757018612317 4.329702489960965
3.508552366311 3.498273166968357
3.706603853704484 3.507669386712918
5.746284040177319 3.531012638176273
5.589363710081491 2.761324161895068
4.789617820204716 3.410306230240435
3.90520699095177 3.860474295376167
1.670383415810823 3.867696123343698
2.092685438501057 3.90711585440035
4.036926769953402 3.010846341352097
3.379684729617369 4.375547316682431
6.546580038989593 3.160741749041908
5.60675847891512 2.89620396515734
3.4443728822907 4.137214493638676
4.358285472736441 3.660096841066103
2.286135052957804 3.848635603621543
4.059900257595004 4.400692556410569
3.434878033800124 3.719963783540298
3.324105378466802 4.212417861613202
3.97867529855033 2.905211853310503
1.182465377095749 3.473774299988693
4.552039084834962 3.923244450801248
3.249016342246667 4.447784585703857
3.620355991466437 4.039905482023709
2.499683533735201 3.328178317126658
1.879251878042759 3.939547550790604
3.923551730552453 4.330062876333438
1.828326471981432 3.70498585886392
2.639347512579481 4.090401780067294
2.977693784902226 3.547525568445224
3.189347036522946 4.040214411306584
4.484263183202787 2.586489085255699
4.456251842752614 3.867711048473064
6.457811641004307 3.152393895261631
4.29345360775006 3.706027170926993
1.998663866875199 3.385759541111017
4.715870663479387 2.578117803508787
2.685679757390268 2.683890876532743
1.793347532057603 4.119509736855597
2.970836712486335 3.691885202822081
4.788372820415166 2.832395042053346
3.757128840152827 2.778847097928501
5.312474783013365 3.356885711644483
5.115607687422638 3.56688229475115
4.503170337207767 4.470293439260115
4.441384609789866 3.911759613390738
5.04406172883069 2.971507801101467
3.873529620468115 3.631027214101067
3.982595941399672 3.806524098946935
3.395215817020695 3.108390970522295
4.319910306589885 2.658718287608714
1.727811460926019 3.958160464455206
2.927950796322766 3.535571030898125
6.446864576763094 3.110318104039892
6.042393603818926 4.135965703974101
2.362806120211196 3.729188569016986
2.380632862334688 3.7401651191974
2.842690882418964 4.372190629527903
2.355279219372445 3.036653088494318
2.745326600799634 3.075215246633749
6.623975599652084 3.316031648808951
2.50944910665264 2.788158441701351
2.518257270091059 3.298726193342305
5.961640434780292 3.022504938542375
2.731649242981778 4.294845470514959
2.714785603716817 4.112028681851193
5.863567778086185 3.204152315572258
3.544065459273014 3.735545512059972
6.801653851506625 3.698513559789661
3.656912085111359 2.736523508669925
2.891439955215899 3.661126053751899
2.801586985799453 3.72316693128766
3.79543223575268 2.624969453260227
5.948370642721232 3.332449085842213
1.721196634937032 3.172085145358744
5.07976552491551 2.925807452143106
2.199779730355374 3.079085675985809
5.38714738674469 3.677719555901529
2.857082494772268 3.030636332110707
3.246066319776741 4.389161083335895
1.640433854440171 3.491764090080462
2.569762209301262 3.515259598177452
1.061284954287251 3.492679246167468
2.951679170491227 3.115388528597327
3.005756088182067 3.331783668126019
5.45515216867177 2.899026687281846
4.815733440915028 2.549106013225772
6.376634419688761 3.74568319323792
2.286160122829584 3.837148699748461
4.086115727074766 4.03139100763884
5.106414315131806 3.270572194502289
2.319074493194989 2.762606927252231
3.593087415432878 3.954649589968883
3.461304020089889 2.682824117312015
3.854386137857798 3.763014124685442
3.06203790345981 2.723184835710032
5.823032680797668 3.231659264803711
2.758010511983839 2.674592047217699
5.288207729675099 3.558199423843004
6.315085934640546 3.794180713969144
6.318428145868983 3.184970115337819
5.917322128138459 4.094500855586309
3.044998220614076 4.165756296421085
2.29366808642211 3.656244332831188
4.002035208797611 2.60333411986329
4.406126734915438 3.409616379031208
4.692784353413525 2.612466346020234
4.81066620548699 3.371166320466779
3.54274984296208 3.441031935050917
3.976156702642612 4.050119228936897
3.035053067039351 3.491713225336561
4.589403196341821 3.421417825063153
1.357295958375825 3.857623190623219
4.162184053295862 4.181255458522543
4.037183770300961 3.09708287377543
5.602545327909001 4.053517906884117
5.84060036412145 3.770564292675067
1.219284008127784 3.289853309493934
3.075639660873176 3.744213409927629
4.480585503462332 4.223792664195219
2.865347237324134 2.938164957228157
2.262283077634131 3.525745239443061
3.11054316618986 3.736421090306729
2.77746716923117 3.411603448274663
4.996607463143329 2.627257289598762
5.369207641831109 3.138432659493324
5.742339282156915 3.467389827854029
3.625830683843706 2.526435803581987
4.72832866558405 2.684368959915967
2.384315325872426 4.100286633723935
4.102176315024472 2.93363473203968
5.163917159410778 2.685787521418816
6.709591920346487 3.127661680237981
4.419897111662728 2.563334670821706
6.467310064834968 3.856726310191547
3.189657973110263 3.17367433721507
2.978006528656786 2.6351678589157
6.090900277477819 4.1420465906142
3.480686485776854 4.478158488090767
1.877964381373448 3.203499647198839
2.946739490493488 3.101320611542416
5.955304777142846 4.241741727650823
6.431473734412302 3.666328389974961
5.737139391499817 4.077831078958639
1.260885062104212 3.222363811821895
5.271625500390581 3.182135551655526
5.22591140303621 3.741618632430892
5.074915766443183 2.735252166543695
5.537474418599122 3.016656689378309
1.799724047618163 3.142448472504674
4.554776916861326 2.96702484757206
3.92778406435278 4.373439014830871
4.188909750598107 3.748167493109381
5.178304222401255 2.604273561343402
4.869245155150939 4.455630690628287
3.520482551333577 2.992260417620069
2.549946077141976 3.614560246308466
3.209480099352979 2.994712100556978
1.503775282144762 3.442330270963409
4.356779267652166 3.178487129069327
1.28618427547829 3.087639419307996
3.643844066298125 4.321020638195455
4.335165119206097 3.120362825091727
5.869357010017556 4.096387892574636
5.425820076183672 4.31397588727102
3.556792153469279 3.145130667613265
2.410747726282516 3.911049070801109
3.572663886926791 2.794228826258609
1.054741683988195 3.479130573696416
4.83569338564389 4.286200939619202
5.586673368978223 3.914251460329415
3.685234870837104 3.706833782365163
4.292726242602551 2.998840441779457
6.17223355441709 2.829480533152005
3.072162731112333 3.420892440784297
4.795007669047072 3.366138494854366
4.402262382085185 3.251283992950114
2.068122961814987 3.385944220754161
4.641381046010614 2.933523418420597
5.374140694698115 3.09115702028963
4.304863830370368 2.976863835677557
2.565746779459539 3.206428603103303
5.498802618551507 2.909405060973169
2.890904777795364 3.69102283327129
3.088763770483364 3.882265346840287
3.245010979995677 4.205010337300992
2.542139932012371 4.36146472158431
6.118367270588667 2.818498432235
5.250808185315479 3.045699840151976
2.793239108022739 2.757408061739708
5.525843206822105 3.772258769310945
1.635138019541944 3.294820429582884
5.849965675087559 3.572577244741476
1.710515177014075 3.576017518165719
4.595555583458302 3.552863717872563
2.666220381867989 2.642014553785831
3.788898776313402 2.796653207439129
3.839047266178065 4.275853052885138
2.16449338921435 3.019164757525576
4.120392845648705 3.047402544672942
6.01001569831553 4.089569057680353
1.924445480014503 3.088866656202777
4.321576806786895 2.565414978872405
1.979899456759239 2.793496643661396
5.707228305295492 3.183446488303259
4.494487617494513 3.864568958016
2.974185860810718 3.099793320642637
3.985615619811615 3.544197894890636
4.872715478798919 4.322423557221903
3.836231810919846 2.713458598247401
5.056877221625369 2.931858906680803
5.205192301435737 4.048548717871231
5.861860746778286 2.793837213631726
2.079826594651099 3.133362600803205
6.795612754976648 3.343921036124176
4.727483212878154 4.41586476935432
5.57893509709247 3.143977245631617
2.48225639868092 3.069297328699164
4.443449523501107 4.258228206672102
4.14262260865701 2.887078451318065
4.178515714976347 3.715548290754227
6.475604686153777 3.58674954632087
3.885938832261329 4.226939394279678
5.089594865648371 4.345114418515419
2.101278580350023 2.796232433877623
3.254287448323207 2.540129252074811
4.954333715942392 3.975650250935024
4.831352588533432 3.097641498192742
3.154716268749232 2.90037829135478
5.50330040878581 3.089222554659847
2.529214875610483 4.32636026296573
5.936729166857488 3.611156817666012
4.602261370900468 3.545429016273576
2.036380717925173 3.920657411151218
4.600074150332946 3.440885291392116
3.742411929043528 3.988955698275372
1.92742969611153 3.8273473136862
6.000921040238535 3.887650443635181
2.504713211705494 3.924776091943111
4.50759093805312 4.12127885916016
3.480505899354492 3.985013857180518
3.719653309257722 3.524708274684597
4.869598572769855 3.429977379187292
3.228519410159621 4.406151757480353
2.819836983745718 3.813181523741042
3.137329384986017 4.367708897277382
1.631946331429091 3.495021227197097
3.686561100314127 4.446591458584312
3.54618638369898 2.734510182422918
3.189935343431512 3.942908961559516
3.383083798786729 4.079841103914293
2.937773906821073 3.158383647803869
3.292312465311074 4.161922678755616
2.696944495153751 2.736242477982182
1.94370092418284 3.549911944891233
4.509903179645939 3.012856103233131
3.82437407250297 4.198471461863668
3.721892740739061 4.429974690383589
4.927377319781469 2.888807787912504
1.38161218391221 3.413918179903855
4.827602662857995 3.440080250025329
4.221625161860626 4.346093186831439
4.805990324252246 3.043288394143201
5.696444682595518 3.788499381639507
2.869010459214103 4.173583133897947
2.293128436462788 3.767856415475958
5.111531113504216 3.615321532179303
5.615298389982675 4.321343922842875
1.753882608867191 4.01175428494315
1.306572693895521 3.22956654377208
4.491233576478164 3.520829894685791
2.649227209288327 2.843181085120776
2.717014026826842 3.285182608347661
6.436993665703985 3.118565029488042
3.008691818090564 3.372016615411675
1.704362278378856 3.605921669611496
2.883412467748528 3.237812339736304
6.228235276478834 4.017437818352849
1.059656037989119 3.491832578952012
4.67215756674533 3.752940801302738
1.645939769483691 2.890084837904231
3.982920296692432 2.798629909912118
3.781563608470571 3.977840700704437
2.987588217124511 2.625931615353347
1.798844854318101 2.839098687405394
3.572956637732077 3.937258255618612
5.937703155720023 3.779893798619387
6.31012991980534 4.093270757461578
4.312412469658137 2.80400813459147
2.499150099656037 3.5068668532825
3.46034916472735 4.157807723022725
6.13913567327907 3.553560758411275
5.137011527556084 2.729735989160913
2.002608481098097 3.980792587039964
3.008372596809334 3.164002928037683
6.346675105143424 3.463654994217675
2.106906541397102 3.688335090157295
5.881277475488623 2.753155246759631
2.359155471718204 2.680065350341022
4.297635225192385 2.955324142992306
4.927791181039182 4.316560690971478
3.471660704924243 3.14631169772006
2.534869552830573 4.083698188981441
3.041272287282789 4.340569833256283
3.048202524227605 4.350413799516641
4.703967364118631 3.367074915782365
1.652437244686086 3.889713821417464
2.886090794058625 3.739809667921797
3.261286209961106 4.347857581317837
3.126809368429269 4.028669198535796
2.494856793537177 3.721021651983019
3.579161906590778 4.055074291508769
4.341341872955105 3.491194359268858
3.701041667287671 3.753885363661793
4.674923738298385 4.1103057289803
4.628692536640859 3.364973725696056
2.739786360529817 4.394931422745238
3.140695744711327 2.893541915385597
4.454940836526744 2.695918947008254
1.526736567912067 3.516176602979354
3.180305709612876 4.437002049711676
3.486423553356252 2.973383499850621
4.435488638412243 2.977336328267683
1.854149586734078 3.918296445764057
4.454731877032591 3.445234069818356
2.259312932371676 3.071579974714536
3.932676071412418 3.953241182567706
3.305093045889879 3.215553505940814
5.91344229990827 3.221488902184654
2.242092710704637 3.145034159958726
5.228552169433703 2.688484376425393
6.382660336110605 3.749374792631254
2.14959668003983 2.896086089439588
4.75737585752144 4.393762022190763
6.428228927961251 3.84302934321261
2.681461487701348 3.04154523360744
5.09908963260713 2.655286733113917
1.186149734635273 3.751885798331318
2.835910670691812 3.460666672563052
5.030981745584681 2.970170418155721
1.389101636516322 3.187653649987404
4.086445929757884 3.439518605092255
5.935694628691444 4.011397710977151
4.621095770058917 4.43212333225143
2.579570982041456 3.142142757419542
2.515616207937046 2.878277650867066
4.670472813617056 4.220960154027485
2.898735976281194 3.980862928017105
2.859442557155454 3.067193185645724
5.626031564140764 3.988279887855036
3.998905938437665 3.356301436154826
1.74462169510201 3.729551548794906
1.199928990415764 3.755395885974918
1.970677779640539 3.377395728702052
2.827382778395208 2.828888009830128
1.787805165153376 4.062779261240493
4.539449727181622 3.540134078260479
2.978552912188342 4.230086869064859
2.271912905744381 3.572411040797915
3.129364875250404 3.032006962531257
5.707672833465275 2.766754383704774
4.936437014408824 3.168730027261178
6.575902607453189 3.923902145712139
1.214731672477638 3.241532517205698
4.633461195335535 2.636060883739339
2.048731184684224 3.061619732648876
4.867658457152383 3.041536665795789
6.315438500669676 2.877020900819826
3.245090367306401 4.345579825568281
5.727525146423668 3.288973876801136
5.286573150953204 3.158463538274774
5.644713654437917 3.560028509010873
4.849086298510944 3.903481045586724
3.287571649730009 2.925308725298334
6.237682836624832 3.798301400903545
3.588055734729211 3.651999818232975
3.238220880802477 2.987700083887106
2.609178010510913 4.202145347362409
3.20695912917897 2.927419949457364
5.970147242900277 3.295373137441608
2.673918956760676 2.716673122055068
1.556998569766946 3.786828087230651
1.993936047248632 2.946189955651987
5.715171914075411 3.304090378328216
3.907530045682904 2.873698607249314
2.775450287634837 4.363317069904014
5.0260059384567 3.209835425516275
4.159098475026029 3.559948198518683
2.321059125469124 3.41104047020031
3.037301420495149 4.096936859105009
1.798325349871353 3.977053201119563
4.782839221725427 3.541812338736462
2.357511185727151 3.915195419683259
5.666722480028115 2.701236978712902
3.869279642489251 4.022460859608063
5.415924738133804 3.583838492682213
3.350941046537622 3.377682484014303
2.044917207080408 2.761438462036049
2.205333523416738 3.532682572626676
1.489207376766429 3.811019514781244
5.713153552678699 3.024506222357397
5.933293723637941 2.790272915805306
4.898146966983171 2.623162252523138
6.410882923994855 3.671197465654084
4.70838831121628 3.146955250597094
4.404710527656833 3.115538932935829
1.771508401643756 4.129400559764839
3.950568475064095 4.002489377483671
2.834578011310564 2.932545733685908
2.79209091447106 3.224601040625175
6.144981828538201 3.870976548765243
5.946103170138505 3.972720321840601
5.903374673457472 2.925513527226208
2.99154872527471 3.860217707874074
3.01820738064217 4.170257460694138
5.357274041821489 3.546911115632831
4.723127716558561 4.131706259252057
6.7864346104671 3.701105177896981
3.965014868171051 2.921835173982467
2.004219176047897 3.435085654006365
1.472043055986527 3.696510368452735
5.555653850246822 4.023195952459211
2.635045938410997 2.611954787128928
2.19355163889236 2.939238138783548
5.552639869593205 3.697617285788474
3.628687583642254 4.331852952350026
6.264531854464127 3.687369366248974
1.717726252459816 4.038576955617462
6.506913858405843 3.958022193613795
2.786619170660257 4.139248686857014
4.389866294846976 2.589319773988624
2.669529430358148 3.59818568085621
3.719773150177528 3.399344319950863
4.833456912173093 2.979980984292281
1.209910877895653 3.37730983498265
5.001461288105654 3.229646609888591
1.809779595096604 3.936098787788007
3.371383546987869 4.426687730708203
6.306688506599349 2.907278678685728
6.241071072071005 3.155141778446659
6.191154062156172 3.221231730346442
4.046819017860488 3.826499273779516
1.238105021413345 3.268127140324713
4.190945931217442 3.803934738263216
2.659379512249527 3.815065200413354
6.418739823386349 3.282578238657289
6.453931812344451 3.432467991570266
5.460866385511105 2.92064857367673
2.628516310344667 2.860004768128729
4.95393046861254 3.260005134772963
5.660862089419954 2.946420809794958
6.151119197692194 3.932110122983504
2.616764411823154 3.705085467473902
6.209920958911313 3.770954836032795
1.875224376218574 3.467777325593133
6.810281251737537 3.752550816697769
1.454499360115194 3.263251186681829
3.157144834992541 4.316946963638174
5.569674086051405 4.028832708696747
2.480389019463132 4.038796595045032
1.94367004866945 3.271696584723606
3.131185389127302 3.962121893204405
5.7746736283235 3.52973027224058
5.094625577821777 3.307047038337635
3.251271461590975 3.747706021317285
3.178002853070008 3.107963324830251
1.061174092045491 3.312831759584708
5.334282455739169 3.571465593263905
2.099774875118664 2.748869290181395
3.314892474050751 4.053152436049045
3.733002384988973 4.279082958956339
3.431865548403622 3.175801932176266
3.479327468084839 4.437158711132286
4.566789032750184 4.104837502668792
4.423609626934843 3.802216200753931
1.963827965876252 3.541527005192419
4.844424892745723 3.939419838519602
2.608574158522643 2.757756618739496
4.261456605146074 4.06443372139441
4.360923703317441 3.214622361028931
2.816562885943281 3.544373128489873
1.929466787262864 3.994224276006371
5.810068181912243 4.271688180983437
5.988114835828053 4.158104710519465
3.754568199480051 3.701827747388511
2.050908547015434 3.515383523676194
1.860345174050394 3.034120955504386
1.337137430364553 3.264956224854767
2.742309846827551 3.918763809845826
1.361440790335013 3.23992711238296
2.901813709585952 3.881297116672658
4.031846038133223 4.369080162013439
4.274603959256391 3.081020464674478
5.22891235740483 4.344567057805777
2.079634471375123 3.348724697046105
6.142357808886416 3.040208645153598
5.130216898798601 3.302211286976447
3.902439110675136 3.840102444514113
5.032404506115869 3.702162026280512
2.849802257722723 3.417973135065401
5.673552896066016 2.752959052098471
3.478107037800966 4.163853820982425
3.952758211825337 3.280616395531505
5.024211168284261 2.739639278900135
1.146187117133537 3.762985585651239
4.192771497319707 2.940941941480471
4.499762533226928 3.826960778820067
4.547614606782252 4.39674189626105
1.779628478081271 3.952117553253081
1.206778669390531 3.153223527506047
6.460368131930787 3.399684933177553
2.380432638545075 4.267421305420692
4.088182051446038 2.705666619688091
6.320819801343998 3.372884003897328
5.192508205514028 4.141015156346542
5.936276455579685 4.180764791489603
1.228125689742454 3.646234748176007
5.254089380021556 3.506822448066712
3.360478800085456 3.720582866580172
4.56138719477324 4.046459300777428
3.789366971280678 3.956483790180378
2.476575586858371 2.75379580538181
6.489039344029317 4.045940753611195
1.911218312106913 2.887719248584162
3.791411950998817 3.978297661340361
2.875171386995194 3.653921518343944
5.676981205181241 3.325114150502114
5.641671091186344 3.781703675429093
4.460052261668855 4.075700274613251
4.304293975127553 2.880213465362913
4.088506731144516 4.069335698651517
4.148638779100621 3.088478635313718
3.342691750696284 3.064238006311908
4.904929325358967 3.409735632605051
5.635475871454714 3.459987873959798
4.658706656540259 3.503754863283532
4.432627851550304 4.416632549403577
2.633159402751156 3.375469596183803
2.258112574055012 4.120059386188348
3.231585485883794 2.651118708302124
1.935101157072793 3.389557914520309
3.690101026226692 2.866707326672184
5.622186746172011 2.852412942321448
3.723794657485542 4.436648848032113
5.436839718738884 3.692209393459442
2.775961269251019 2.827516686952974
5.793523887089313 2.961435098350758
4.848350191938286 3.589420499140185
5.119284407962575 3.05667126963511
4.178805222792759 3.405713161882396
4.710523007747661 3.969154814702994
4.809974822843817 3.853709533679687
3.259703981649516 3.232173434980117
2.99795908531656 4.356141294289949
3.424830094093454 4.289261426561779
5.395982286810311 2.741934239619154
2.187587063331315 3.245925695171924
5.406717134094175 3.297614494724489
1.681480148539069 3.902848380215097
3.821696197337422 4.483760694478932
3.310018074826668 3.303182786056849
4.960747468745574 2.646973107014636
5.155203339537422 4.398826280432438
5.244456939980747 2.671228237866367
5.308984120529605 2.914352941103295
2.981906422458754 2.967816440421942
4.531539934038316 2.969284727235829
3.743897034401412 3.705576847279734
3.469725434591096 4.06367756837306
5.992997127668534 3.939720027890869
4.71729332358124 3.333799278535473
2.56194339182222 2.912779655535949
5.18385128659544 3.976964522314542
2.561316241092128 2.845880180414046
3.031699671426518 2.585364321519848
4.158603212901752 2.597843058328739
2.253077865715089 2.812150613350272
3.967599156501804 3.902925477191931
1.242589984718272 3.178204017477763
4.958987115630092 4.310188994792052
5.676919324886397 3.667101222396209
5.879760112864853 4.014366183520359
4.869408801565758 3.270910484993422
4.116776542829063 3.518063760491782
6.149903953541375 3.559123480347666
4.993224661604805 3.331042203030599
3.488377977904129 3.283825502481589
2.942075479332481 4.037515899264583
3.148468400635546 3.237154781231933
1.512495424311937 3.716438673075514
2.687800857499917 3.544985251003346
5.331716258578398 3.924406243104228
6.271192757204027 3.193994349304791
6.099262359193858 2.8376871453287
4.029565224511125 4.281658487885682
2.923724172502686 3.613532255787456
3.123987219297164 3.507223578866248
1.864536592556216 3.998712168094564
5.635038249137986 3.747968919447429
4.968462007566135 3.003442613329658
2.329560654510609 3.618181675610356
5.767584342908506 3.083059314189929
3.232931707269384 3.48717189657022
4.252637591807659 3.725146873412903
3.544947972462873 3.40567230277645
5.141751672419001 2.986270843171525
3.695405500374483 3.016872908761268
4.103859620178614 5.129037747373454
2.169616212970615 5.31431136837842
5.227242758479236 6.370251747658588
2.632068084732778 5.921430593605718
2.162682840923671 5.099063853921155
5.293792868131897 6.091265320086256
2.657844660539968 5.600740190011811
5.256092498827431 5.196995537535342
4.395231728747898 5.845123216860243
6.224568767766738 5.293137081486272
6.024789755333077 5.347293028748772
1.232708734014059 5.316959511954258
6.580139307892408 5.477543767877192
4.711586134685738 6.627115346001987
5.719331170322921 5.613458559552224
5.406183096408225 6.353874699021032
6.736165300196998 5.910127076292751
4.400535545261291 5.821121823726013
2.702728944726549 5.412242086893103
5.060152573690188 5.349675070121132
4.689783395391444 6.350109143466453
5.805660667440955 5.574774103905439
6.038277696839601 5.849520587158969
2.1028420154198 5.644329392070931
6.362425530417966 6.210736754302106
2.322701723559464 5.049280311887728
5.721351752810484 5.454170385512039
2.582131352601142 6.229719272390937
1.686863856862308 5.22454250360033
4.178788304816666 6.428904234870386
5.341615976920584 6.432821305890409
6.285841279298419 5.683613046212333
1.779836064312537 5.089847162156039
2.311479856339013 5.070024289838092
1.797329074534528 5.681911701677842
3.468495663182352 6.652349632870246
4.46334866954216 6.451374339844383
1.788988008325369 6.112378338501518
5.023499619824986 6.275831753088503
4.920867318397978 5.685039764333157
3.312971805389602 6.165073914957981
4.781605858538466 5.597860408685363
5.578305173796304 5.567640342785151
2.826771392854173 5.83214168386279
2.01020396443633 5.844446358464769
2.116693553099835 5.045552911747377
2.300868831299353 5.487723983318699
5.814660570228275 5.407089092806732
5.614960717592714 5.506941486303878
4.116531648853658 6.213098033438259
5.111288294758086 5.608331912631315
3.643996181325215 5.429485263483152
4.023893125349069 5.910500603995486
2.512332818318589 6.161115681411999
5.199560927667473 6.044825240651852
1.400894394760415 6.197874817192733
1.624483798530461 5.815746939657024
4.190281522952759 5.793093974708568
2.86154653953163 5.042443484850704
4.164590336784417 4.896650884104931
4.872700880039202 5.362228633460401
5.970111546636068 5.425477117945104
3.166332627207869 5.62563595154981
3.402246673437642 5.853689859002844
3.456072348636324 5.677760851387473
3.019264320969719 5.285591436054209
5.027822550176935 5.223996020897816
2.222552048806261 5.144980275518362
1.432283719899988 5.859655603289809
5.272410154703785 5.725722369553967
6.245226980284095 6.210509782446382
3.168390820692377 5.719139705005333
5.731182844916037 6.244219621992114
5.160923740604799 4.817639599363062
4.145089217388844 5.497680352340722
5.078158828066622 5.457448707778833
2.436326687387361 5.545874979031416
4.364039827046399 6.269174019386251
4.550277644725462 5.823877457824095
4.875823051631753 6.452596873091754
4.303081936619746 6.536854066102624
3.314897406033723 5.039839133825195
5.882691015865495 4.97922555573425
2.842059460030411 6.244985425244328
2.69601412542762 4.826356276837694
2.752623023146147 6.510196265868121
6.431208050000034 5.886957483757399
3.682408268597579 6.635043818250013
2.974213199853081 6.449364431698329
6.376713941691428 5.79904611098446
6.556750368205982 6.151816961512658
3.057601609715674 5.08479405763052
3.541744820011329 5.02541695330423
3.568476970081216 5.122992295573646
6.652288405281214 5.273575243146512
1.02055242786466 5.588331505536635
4.216738370800181 5.436367730177789
2.636085046628802 6.430391296337119
6.206102493972182 6.272937240010611
4.361864879526133 6.615818501602212
6.238328473773673 5.867553187338021
2.018916201753276 5.273493147202565
5.244836687885959 5.433938722483524
4.805826924379242 5.605978925826046
4.375763520652589 5.65839508815516
2.020546942725449 6.316695086849312
2.596411796740393 5.489363748179437
6.429735084695377 6.044598020044501
2.703567163249669 5.997156250725526
4.888575772327817 6.060589571188983
2.641797816041683 4.896918587131811
2.740948302196656 5.126103693551555
3.328358822346583 5.582963595161656
4.201158997681964 5.044974475930485
3.823065914202177 6.296091500182628
4.929801942746323 5.224249544926608
4.260531118835522 5.107637296754243
4.257302511450607 6.508584249295814
3.226260695048217 5.96226441859052
4.408316476999608 6.107885300612336
5.691610817099434 5.755923642021138
5.312749812021078 6.543879601158629
5.155186374197378 6.555762167432008
3.839646879508209 6.578247185621219
1.215201081764 5.549368943649096
4.37822798941783 5.675475925398357
3.88785931322246 5.67094357306448
6.228087639577013 5.760675068266782
6.328966986153131 5.321545682576693
6.28417913525047 5.699146175876567
1.587167351667296 5.845311897013903
4.770127000147934 5.962646878619255
2.218995964850898 6.399014386486781
2.183044305639114 4.911707361486476
1.941816088944053 6.217753161295713
2.812811962056412 6.504438474633373
3.765309901194769 6.26237368637356
4.77568186690195 4.908345772804704
3.62448141088954 5.246538061776689
1.875234238390202 5.760743091764957
3.15928399455825 5.18664509229737
2.298283446244626 5.100003442556151
2.22723285138689 6.41132115700267
6.588015952347101 5.854217906774203
5.84111202521378 5.34394806377898
6.775670148547029 6.021733510546424
6.511083609759094 5.44130495578765
6.442262992259798 6.035809018638534
4.116393881842996 6.300032856338737
4.928733248366139 6.622099794249197
4.507804246865242 6.272608763076168
6.01546463631163 6.184123471939075
5.072206728234425 6.480148414583069
4.051141524254101 5.138843926603199
4.160607474399594 6.391659223264168
3.470202143843182 6.184598738501677
4.12459680857415 4.905154175515559
3.031437762355777 5.041973049722861
4.018551382382553 5.497939834483985
5.773651117267788 5.451019521821452
1.661003544130861 6.204770977339917
4.354375913587811 6.582582081252953
3.319514293680934 4.982614805387837
1.558114575117265 5.752915402789813
6.287617064903086 5.498983845450724
1.661159503317772 5.666295645011722
3.425875046199462 6.285365003076618
4.61097647071259 4.875626649349261
6.163609105682459 5.02212270454624
2.771623708937647 4.872387057177389
2.805458398283798 6.259556166482879
6.109340784342928 6.230807216198394
4.300708782680477 5.371582124724411
4.294884394862729 4.925285670056365
2.988922197025258 4.805098543239637
4.231862362984492 5.18635303637881
2.714931963013249 5.996990401952785
4.075151994545654 5.0716801719492
2.18846775962528 5.33949105667376
3.342668679114019 5.909649096081006
5.374541040819161 5.494765828171631
3.417775362833448 5.331468174894654
1.724622207336001 5.810698796951147
3.777721094943276 6.213823418505692
4.718271255842961 5.370920471030782
3.612951703316601 5.302300157583494
5.018081479837169 5.149614920766941
3.407952414562939 5.95248574828924
4.544245960011567 6.615311549052758
3.04324033649628 6.537122090795677
6.128246107168012 5.928008503835207
6.260422246772752 5.564409701108422
5.918919190167514 4.98575437995556
4.906742540516722 6.170862778107487
3.405564544945811 6.188942844327145
2.898197979093363 5.090518402480068
6.238376508014761 5.211049679639324
5.690813192095258 5.335763359975735
2.511383810713812 4.939171058949751
6.056093476872872 5.754234494274018
6.155438271937521 5.117836847384338
5.213835588275146 6.050511066823847
4.695485028158447 5.530057850210688
3.147173529423499 6.238714463509413
1.250310176867916 5.399149115584772
1.863119449737853 5.361756275632534
6.275884027884041 5.308872293242678
5.236784980663357 6.102085954907467
5.415381157952148 5.908100318156779
2.931481021669354 5.575835725522286
3.70261139556472 6.288115132589055
4.600769046164633 5.092909955357867
4.951647516658237 5.032310762697833
2.788189361305575 5.384126803302496
1.902271041796351 6.021128006330326
5.439589316910329 5.885665225953149
4.509082213502739 5.449182902035172
3.55257378899093 5.503961928338976
2.605252625874213 5.354260571241756
2.669920489896019 4.951108254725423
3.079670531473002 6.418695974408436
6.34451785863371 6.25041797534022
3.261304911845303 6.437455313583384
4.311618891215863 6.609418849996728
4.585381966502906 4.917530758340953
5.720573609898068 6.422371517390386
5.031903508117869 6.01924908268633
5.362969192953406 6.311577420031899
4.704352926147976 6.450430568632954
5.067946336105926 6.275742075365184
3.499801433670664 6.341987393339427
5.135739854823099 5.136680693056045
5.244588511246559 5.555331867964778
4.806522593526782 5.025152018173357
3.217386666412109 5.987450938699723
2.539422953072254 6.107892365408377
2.65933889247926 6.13770008897626
5.617760268222393 5.797662615330885
3.520163096678728 6.005122750899032
2.164759742893929 5.899876168716471
6.846199250315969 5.539606829071475
3.882644342897468 4.799771928396787
1.893135780599046 6.101683089265238
3.998261965476622 6.242038480597867
1.953545686757328 5.826164848715452
5.499881652020502 5.429311365620409
1.621380473326955 5.66575265904382
6.423979412762963 5.277244402991249
6.047317880747689 5.668745556100046
5.649930875046402 5.554799154612811
4.336791271425872 5.536221955295768
3.513291768901096 6.177616738923408
3.241224042264018 6.219909906548303
4.771009459479279 4.858058652411617
4.837095236682617 6.360867515961355
4.075226667617943 5.996087056354763
4.925069149666272 5.709105599981481
5.640216058827514 5.334791529559913
2.507294845883809 6.448853450219468
1.062901713510199 5.608882183148836
3.625778288033372 5.927106407332133
6.478703011475554 5.995631544812558
2.541729157278467 4.996599435804531
5.776445566498822 5.905691573740537
6.48152417845314 5.557845886863892
4.797578817194837 5.302502815217638
3.699992412673776 5.669181106674335
1.732698920308507 5.635893441176901
6.159265096891673 5.904981424426131
1.051109318047752 5.532780603274274
4.280100294550704 4.944213797819041
4.765874088941404 5.670955465123805
5.936639525004644 5.340441860482872
3.257854542331847 4.885062859527746
1.522424412249874 5.819729603460571
3.605453415359472 4.983622228772145
3.963033341349742 5.120793098566091
3.879482580327901 5.551171729127814
6.20728828164841 6.072801853725522
2.720466676037661 4.82226108274347
3.637324019994678 4.774180916674425
3.838510797671087 6.654937132779839
1.097530785165973 5.603911094141023
5.097967061768417 5.052104409584539
2.471926020594674 6.524165588046555
6.269912346347161 5.499814003925847
4.042094686846935 5.545547809126202
5.227677529263504 6.330373465488989
2.25604310224996 5.348445670508304
5.505161660107373 6.350744269299763
5.894336138676007 5.089774607268345
3.234533796452666 5.893242872176437
6.486472216315777 5.837700008962745
6.146027417717296 5.784359703337553
5.405215556266823 4.970548392043283
4.84055342853189 5.830715892509625
3.068606027784845 5.454945226197721
6.276790231256291 5.92580296751396
3.548368050206067 5.91086817043818
3.658967884516188 5.628677175800364
1.897875862559712 6.14079698169889
2.073649771160526 4.938986891680849
1.869821612867604 5.787501041675394
3.486215876953172 6.254463643748473
5.806446529116092 5.760403882124214
5.993247033635496 5.248900202648279
1.188355570745367 5.553671942566148
3.409452960927313 5.47783836406793
4.98275580567843 5.18599225412499
1.902455218052946 5.258259697172079
3.503393825881141 5.589594168237507
1.764304032222108 6.161023794076975
2.756735134964628 6.029808796897204
5.57769809798809 5.582125454275531
5.403883918543559 6.379009675226207
3.061645442494413 5.376290095474284
3.100048911473334 5.23300642660452
3.48367352527776 5.385414493369444
1.815974788174359 5.7302480062245
2.576524753612851 6.117901032796624
3.638395495331044 5.295034223841058
5.801082161122443 5.501618440474286
1.820792644514095 5.141852942559638
4.02466715523151 5.732087010608945
4.588385685940139 6.054262519684003
4.462791515962429 5.363271731995368
4.46909686455575 4.887301623335514
4.442090568097611 6.181438683694454
6.279415128353106 5.862627092846603
2.127005943418062 5.911644067089657
2.239256310788936 5.851599610594744
5.578973221360664 6.235458496754271
3.87228505599448 5.24044023876919
3.020766731722242 5.625411302342859
4.691337597503247 4.743183125387914
5.063875658394079 6.087534662725177
5.944569746099928 6.390836412461337
4.491254241275195 5.008475386829459
4.301662068879152 6.694248523966017
4.543134245010921 6.453704178562277
1.739650376163436 6.067737537820381
2.892807786556532 5.485789197291137
3.271013120522459 5.362535312500879
5.767244610935301 5.77761428588971
2.672895847898445 5.708457845300025
2.908744561609947 5.186948225015193
3.468762450149642 4.836213624614128
5.078589388232622 5.831246566006634
4.606251226565148 6.284977696472104
1.359670150512089 5.671621110864467
2.798655170040759 5.317237144801316
6.342470405669079 5.453211307950133
4.832254612344654 4.787548413824531
5.548881998149496 6.329160413849568
5.000268951503809 6.556347957275728
5.810629788664571 6.410895291143745
2.197380226205885 5.624792525499039
4.238473247642781 5.719781511075183
3.560441208163391 5.458037172499966
3.397618965173628 4.884287630807262
2.429166672701329 5.100462672125412
5.472239372065637 5.728641936735626
5.838239192752273 6.333954181483392
2.102707307618857 4.938919342379493
2.693314636727354 6.517444694160138
1.879668178456515 5.11745558364652
2.508017807740591 6.013553577300115
3.170589741830209 6.477104839455047
2.511500598885842 6.454611969731698
5.111319284527761 5.091619728300214
4.422646546602365 6.515997778831974
4.38348108700279 4.782139558682079
5.941897473373696 5.039105566051314
2.599507058843335 4.895347223315902
1.922203880231504 6.191582725342203
5.799514768655312 5.782924660336628
2.400551608743888 6.284467272964831
6.434965252678801 5.813310716207927
1.541859835703202 5.836550183880608
6.174453408152331 5.789523732157753
6.168072431442945 6.323591792850562
5.840610617609334 5.628657719106402
1.551664483864283 6.166184464262459
3.51345802721752 5.136000840142884
4.386197270094726 6.360835095536149
5.194055157708697 5.565301684015925
3.312723172650128 6.271762893486061
4.662103988094975 5.48010555603333
4.895737867158856 4.842678320346309
5.20052173926524 5.711530099653801
2.162257203314488 6.343819152756114
1.850897112086757 5.152925962398538
2.716655356854633 5.00240885465738
3.389792812534096 5.593834349708182
2.268267258100288 5.245948593316415
2.871035743777795 5.652273280121537
1.961170263033589 5.599562663918071
4.684602313703412 5.669760398712636
3.661888409832073 6.195948910988768
4.096114331056811 5.532112590480923
4.167030698619677 4.939357268187702
6.40330361071894 5.784606482776579
5.542027094992634 5.490511406290006
6.464428061629354 5.882618657737303
3.092967514023809 4.994435455747905
3.953013624814623 6.09253152833683
4.385924128363402 6.295558469355271
4.858033325115312 6.109137407576973
2.952041875642632 5.919322030896955
3.080202808048266 6.310363084648429
3.34965272913747 5.162020664432705
6.061695728765963 5.245953235139955
4.090910021743697 5.325028301087119
5.602862915887727 6.084945234542142
5.03332586474116 5.404617493749335
6.588357289738041 5.935174893145382
5.539437554124353 5.978733551737838
4.11365178840497 4.998275168813678
3.290862958444576 6.393861830574679
4.652655362390979 4.797825215000393
6.181256939070736 5.48340952788798
4.590028626722459 5.661904611093075
4.021298812151324 5.056497969431342
2.652262807986889 4.972692918204875
2.728649100186275 6.387663482070731
4.094602984384582 5.429921997520622
3.083687797961562 5.459989640161609
3.435944680390479 6.039082910795714
6.189647773410787 6.328237757247821
1.971877386081543 5.701538845732381
4.882186317820796 5.240134965602562
3.131691655533813 5.574335200509955
3.144710815772828 4.999722738915765
1.838726888182312 5.729987514266246
3.267023515760132 5.065489528055179
1.992525119902917 4.989334489177078
5.936927694196913 5.302927083738192
4.348684595298332 5.285039776824378
4.085647968676473 6.500217763912086
4.560810753174812 5.901977696931034
5.344005982637904 5.652258450230152
3.931266647139521 5.602237092244941
5.289042799316857 5.785933271459358
3.355109122896624 5.680622672962667
4.388425246042511 5.067657724055438
2.889785049928455 5.743739150249074
6.043615623409353 6.331379781140249
2.938186290781867 5.503853563181621
4.986893375081025 6.420198479902998
5.049274021262466 6.134345808782477
4.563110226288883 4.837462634034381
4.613943533116321 5.627241947023021
6.222605650771476 6.245488423265623
3.889821200117599 6.190001624061033
1.472401525375159 5.751526006532653
3.967085663672976 4.957753379547458
5.937606095190413 5.796319400240283
2.814596516701749 6.461799773151852
3.512142404423771 6.574301225384634
2.628971111082234 5.440105593402929
2.93536810464746 5.7425074274165
2.422926732653094 5.543970299133429
4.473067474267552 5.226398508387151
5.53312211415548 5.308129085740662
6.979434370231305 5.793428604995406
1.863655547345874 5.728296929937176
2.9523267581129 5.117021184823058
2.698230730663771 5.919221346152084
3.794522933471562 4.934197292868437
6.623934827900337 5.463057243226533
3.783168513179529 5.969314367143885
1.540686951820677 5.486835556436175
2.484703334168209 5.754811893068564
1.811014429773793 5.080018164841906
5.16205466229102 6.016743554692066
3.447084060705787 5.160071820118739
4.758100501935658 6.320566672441674
2.136000785195775 6.276395432067933
5.235307594528399 5.750276925075559
3.183515136685648 6.336632634320416
4.004729707460537 6.245670420333512
4.589337419350167 6.63530888081271
4.559415038037832 6.079220100796002
4.25154300578372 4.905593015360749
2.491749330035525 5.454994849548291
6.250704508468658 5.968560446029961
3.3283613822649 5.637109416491346
3.359322952058803 6.20634777245102
5.672973072055147 5.126703092055579
4.912120060040595 5.183471735044287
4.91619687961027 6.353515291380019
4.683114545703067 6.472019549133002
3.497491048812768 5.456507227104558
2.923094921174381 5.240217439074197
6.328712515830333 6.131047552868551
3.734667444137156 5.001692198791606
5.909318318286632 5.725730042027429
4.558998745442292 5.007028356044962
2.879302435197593 5.489713569223148
2.496996843645494 6.073185544245287
1.173287971210573 5.928512996589221
2.405975353499008 6.036343298423469
2.212671253864531 5.815323332739064
3.790518403113186 5.10052077397579
3.304851038931445 5.171190610918424
6.772549061889835 5.902179169981217
3.649623635128156 5.814615403208503
3.312364305181988 5.071669569639919
6.183798984982374 5.914134265623503
6.511522444515541 5.931981452630772
4.382486511938271 5.875805875100474
4.404700808187503 5.933709816526703
3.833387628079481 6.343501654260933
4.977167798883465 6.312822894734283
2.313690970529248 5.538635685122423
1.628829961702801 5.502758343459576
1.939723508697765 5.39355226157443
3.286930480052879 6.160148575168397
2.600813036292041 5.499544883093262
4.053490914044763 4.957967431651045
5.868104247463646 6.272916136599715
4.229345274553938 5.016603686284999
5.23044778630838 4.880380482463283
4.228083681293425 4.898382779171816
6.065532385444981 6.276441513194685
5.576924183376074 5.190096166440186
4.643069431227848 5.013974103643957
3.143691247512909 5.967394515209416
5.768338403285679 6.180376338190239
5.053075090330562 5.474331758997155
6.126113123495156 5.839934910404113
2.279077062845702 5.811742537073934
5.538779713005054 6.131248753037069
6.991944774416573 5.696356451655357
6.806178444643376 5.65584189905655
4.544230231996205 5.291619968557443
4.084809342094914 6.419360506416234
4.565259163429374 5.076412196269026
1.614268196607416 5.863885785175695
1.622244174034201 5.141370181777675
4.422394526620362 5.036461304512328
5.070362735592846 5.681024216225436
5.03753121197798 5.701003120745302
2.671755594181795 5.22886843801146
1.990503726503881 5.87525082100752
5.828522163044289 5.418882378031123
2.694391082651516 4.937460913923442
2.363674624790235 5.345181036500215
4.976852186093615 6.078223501388633
6.456921610199581 6.25514139470795
2.570401722572652 4.929886672914452
3.520501230005907 5.323290858825254
3.839929483913435 6.181102624122598
3.386786654618973 6.661008330049517
2.535311360419172 6.522299749834613
5.528340180271989 5.698321279329226
4.546095506669994 5.634633289097631
3.798654593321829 5.825600951566118
5.884808606966258 5.20886095724931
5.809840545060283 5.174049768193736
6.846309021249672 5.75099168530447
5.517517971770942 6.467048685515504
1.539627111759124 5.712378164999682
2.435436159848898 4.8728938459069
2.153613682828871 6.057589651417123
6.36863772502832 5.151251506483401
2.188977276374295 4.996055540111272
3.038289346457992 5.15629384211017
1.268437961585003 5.667776441711624
3.160604781632552 6.310956143788999
6.698464138072321 5.627508497610786
1.851846716409856 5.136878754515847
3.236930556282139 4.940557748672235
1.887734959142283 5.802772837789017
2.248647783352769 6.012347854644618
4.525349360693712 4.957697115247846
3.992572699542054 6.539188818535736
2.365834496709944 5.384318793745065
6.529141072741965 5.574202258293282
3.949297671563532 4.787228897819847
5.57931846547574 5.938770001950544
3.27048588171997 5.26855833832273
6.397746708068766 5.480588322017613
5.849755827133534 6.353464322359413
3.799620558773777 6.18711214675988
1.464530837173872 6.023041447694159
1.858435788130113 5.745622310030489
3.341620650980516 5.360260660958469
5.796978866223374 5.657165324964455
1.378503444621177 6.061554648980738
3.903430386516235 6.317446858290959
4.081832533274444 6.071711740031103
2.641831005975161 5.694304905716139
5.755673469024567 5.757284085061324
3.967651411128711 5.90502705083664
6.358055820127985 5.789120960075818
4.460084810702251 6.488621963076518
6.079961420369763 6.004977928378866
2.105673720016775 5.779251805436999
6.555979026904253 5.429675562251211
3.776744294508188 5.185524815315664
4.174237389899882 5.252587144120457
3.412868860487664 5.785017104742058
5.008566555062919 5.78258516886216
5.140721350242789 5.020667813948447
4.741126894198135 5.706530523411633
5.018112592952037 4.929477248432089
3.831704608188908 6.576154867612089
1.614778582006615 5.224005890130586
4.700125306010637 6.496697717208549
6.483833370309082 6.021230763298798
5.424388135920891 5.363246489185238
3.428254124466707 6.210851897449287
3.050762508780096 6.383298312941058
1.172868759866148 5.590992128442925
4.981770317573367 6.188452859848139
2.709422399094649 5.426700940233185
1.607029749581554 5.968732017794019
1.793016575508094 5.198478862543946
6.175167704700799 5.421887709042893
2.163638998288559 5.322872559715039
4.871746874589189 6.066017280911763
2.777011383913326 6.446544309232706
1.775970873114534 5.556259788950104
2.725049033567198 6.04984340103444
3.902920888172761 4.965129253947586
3.459878589736298 6.427953183747917
2.819333481430685 5.655163290211934
6.242323260053436 6.12084912330555
3.515931724108686 5.457241580152634
1.871265035162174 5.100776963208093
2.514055702597207 5.481913550198761
5.460060502141661 6.528458296737329
4.341291151971427 5.943905304208939
5.112324519522472 6.214781424292878
1.733117770237814 5.225696631649833
3.395026356670148 5.185821375515771
2.662386385755487 5.317902543524573
4.304670278489904 4.826795593059808
3.353239875812464 5.128292817908584
4.204660096174528 4.765945661640298
3.397406032797837 5.167792155299442
3.043940381852617 6.508645090155757
3.740611834216298 6.142046170653709
3.744842864205322 4.79932174231372
3.645058400851725 6.05350680343992
3.535942177509014 6.283522455674238
1.714533716818749 5.263883213971531
6.617581454568821 5.566657417575813
2.329251379235253 6.176560084204463
5.891993900582635 6.322522135458523
1.953869464644864 5.816027898474493
2.429546200540369 6.464827819699821
2.878683503990705 4.802207458223326
5.461351256575812 5.963467527142996
4.781417594955911 5.114289575852121
5.630358067903201 5.074277679311059
3.099331568778705 5.664628264100172
3.174609964975261 6.158440109717818
4.989723984871478 5.536310353571766
1.629230554739126 5.713257802169183
3.577058975268357 6.214589418646159
1.463222537564018 6.009868400146971
1.762603463780342 5.904154060913789
3.195403667320326 5.726023506192039
4.22211405200267 5.720822477791103
5.842770239902231 5.068512633211736
4.297746984901622 5.259658010750216
2.104771092254504 5.931767620246626
4.004716585296141 5.033896889251816
5.898564468830341 5.684331530352008
3.505192880161276 4.918034796334458
1.325466818022816 5.910216730366921
3.418558614137964 5.21291893216996
5.470291702054121 5.614814647462008
1.632823030400527 5.841817119631489
1.989182355323608 6.191844354120823
6.096534380402274 5.356937009560442
6.546873106569437 5.682744527418861
6.133366121428444 5.158176821137975
5.288343781802186 5.836338096639063
3.07112935710472 5.353521999698183
2.142091989031669 5.477395744644187
1.772376322452283 5.339041418664273
2.883846979825904 5.189691263189591
6.357915372585778 6.010346056137462
5.1439972928794 6.394564308914651
5.233750696282268 5.589968871844865
3.235585304969565 6.407796994832477
1.199239998434813 5.981994341194645
3.157864985862938 6.503192838157696
5.615711289530497 5.171028933069578
3.428906215084448 5.792531925242543
2.353523540736286 6.027125934276745
1.566805632131008 6.028453515822289
2.681128297192367 5.04789563365198
2.745755880494432 5.525110870816012
4.497514451593989 5.471735861500497
5.475259214762886 5.792919176416373
4.965327850373879 5.224403025322545
6.806771925109061 5.441947913253787
3.70107883819561 6.637690684191539
1.55745024881211 5.205749282144443
4.603302611437774 6.415846708804521
4.883041436703438 4.93445653801309
6.05848658340135 5.137699614770211
3.385762433245833 6.399680958809666
5.152125868995482 6.317736140996294
2.499347209065978 6.484967453290895
5.800663714163685 6.44141080912777
4.802122243409326 6.224756766135267
3.179090854766742 5.941724413901495
2.60954370582629 5.685086955375168
4.216785923379973 4.752651281801169
3.296448004336989 6.203643408843735
3.703184828435021 6.447885455145224
5.362393551414581 5.619226546147491
3.178467754004132 5.886858291070661
4.006443671943369 5.266452338367007
3.837921047172899 5.735723329824096
2.520258067558251 5.603185088860299
4.956451960048875 5.942969504490363
4.776009839331422 5.69186922035584
5.402312843822601 4.919635212756919
4.07805593251778 5.40898809474136
5.047082577495701 6.187792082439354
1.219196840927951 5.447200690225763
3.331302203865176 5.666667886507833
6.421647895456811 5.919545747776197
2.587612388784683 6.271679680754303
6.940118491427069 5.850621344509566
3.01223790328377 4.995323356636019
1.87703759378595 6.08218453099756
1.64360195556142 5.448830444621924
3.238746727732662 5.244835037894861
4.777875956511183 5.286110918916514
3.41581122859409 4.881181018597419
6.482550014880024 5.971761942828743
1.208179709250938 5.754242003404563
4.988929904575497 5.707648864991643
6.1715059972729 5.018290815792623
4.967804472960514 5.664370818600139
3.162719567345346 6.511350373487678
3.667680376886439 6.054146010142549
3.11234566707442 6.152355023467606
3.331282402530366 5.496557849186853
6.381186839821297 5.219229899481894
4.616291565578912 5.227549428969857
3.13689028862653 5.148617072468998
4.009829504072449 5.717543402530676
1.801199500543455 5.765895351251011
5.675444868129298 6.406378986047128
4.780948105371233 5.997723495538946
2.435539112798303 5.908095080401054
3.654618164509289 6.383310883824077
4.063188403090654 6.664687136208387
3.568223662415833 5.700636740927045
5.639727564537043 5.079696043385764
3.774080413349538 5.935435395573035
1.970736985180507 6.14339250438206
5.861088815116898 5.267426514067107
3.419849436697379 6.11611296092738
3.774147682774114 5.088094504198877
6.707177974689142 5.787222153609211
2.014760658654923 5.047155891585481
2.038824623792575 6.26392156846115
3.884295467306071 6.519491303849053
6.228925918175061 6.330263319701839
4.663413956991164 6.581997034578547
4.401733256408961 4.917926623329554
5.980787060835862 5.5975500641579
2.00981135384384 5.702535797828946
1.426734379537953 5.938803323003242
2.42491867224508 5.48035971098887
3.400522066329868 5.529068176787735
3.833259441334281 4.758836267125893
6.300875502533352 5.594868467724834
4.632486343139094 6.370471443953879
3.294207274989753 6.560650315845687
6.102088334944717 6.070397946648842
6.058072692235021 5.547766523186983
4.223499653479182 5.005757089994769
5.530511624759751 4.899782479617164
6.216574725361182 5.626993533621148
3.379945046401663 5.655309435210844
4.462313807411636 5.830932052742332
6.604254203712388 5.45735024519947
1.950290854154854 5.650629302566019
4.067770211799968 4.986237334548018
1.494552973223396 5.169931988143738
4.678987782475126 6.227514080037235
4.923239413779617 4.887732863365969
2.908037785869148 5.109429479502463
3.968449948751434 4.759824763983372
4.75447123447173 5.069394782357504
1.908048683949406 5.32828350618579
1.156472188062669 5.640745686152161
3.561512017281737 5.875558956582895
2.949054681596691 5.965079200166678
4.998337996821633 6.260681919620298
3.081057654221433 5.402163664977593
5.734155897084319 6.41136455829098
4.708176373014032 5.233359074477793
1.145218734593965 5.778236528897599
5.645527863201387 5.507997415674359
4.514797004012305 6.466518293874412
3.057821288887518 5.26662970824357
6.350301920701204 5.480413640853823
3.839544752286021 6.079256749466611
3.554825299103652 5.738507693233864
6.040897952930408 5.442883396545552
5.91258781362323 6.12057130997171
2.305241403849735 6.29352011041231
4.934480115469539 6.136027302457003
6.61010488496811 5.27641594608504
2.576997999652312 6.054990904271186
5.021079550359563 4.847475009712515
4.388486172347021 5.622616814227933
2.328023965322145 6.039950898201771
6.26473396762362 5.378961470503872
3.043355691841553 4.77250397568045
5.933582382229556 4.96547212210063
4.111063530640301 5.451702267775643
4.188819717288546 4.894531749777376
2.627695371849544 5.630744934477428
4.410719671189072 6.049529382860575
4.443203855062707 5.813755383399641
6.91369722803607 5.702481149545773
2.437137423366618 6.388174853179054
1.401554652287741 5.498612774031668
3.305917499988984 5.220362573856768
1.990744716644695 6.310217966529603
6.580090399368527 5.659279108047678
6.876670774429777 5.803709038858088
5.235998833076025 5.596798905372692
4.236039328316934 5.741733736081468
2.260883385071631 5.079270876166082
5.096075893158541 5.618930390687073
4.743632055136109 5.445504575325778
4.593080055081106 5.790453805947202
4.953664657204181 5.412999428370329
4.010380513897704 6.291276257812602
4.918124375230988 5.094180711540576
2.984735908798673 5.689793719299058
1.620716908036384 5.175422399305808
5.182548891575678 4.971561254080278
6.830261257062292 5.699216337352766
3.317808389143425 4.902723070195806
3.619687050753264 6.2531875875438
2.38165253027332 6.420043660929052
4.394030293783927 4.985573572412304
4.94920487692976 6.242584350631541
6.17884277296032 5.993194960008386
4.62827350285061 5.064287133019611
4.105847936434749 5.775298414314819
3.28472998854262 6.146855132454958
5.037217839725552 5.778767849378843
3.519677937714726 5.590425226200563
2.494453576412192 5.697521331730423
3.806009850641857 5.820691310045893
6.107289032122361 5.63193674989577
3.577323792285375 6.204817109184917
3.064602435558928 5.537041066661446
2.393234269965208 4.931953829632748
4.495743172949925 6.021089328031138
1.507945291486654 6.137230275481191
4.676270780325363 6.665763370494153
6.096202560379617 6.259629697682955
2.039356434416491 5.674423769663256
5.390058619305893 6.441005159255283
4.68986663688456 6.663562436581622
4.708252684095427 5.090804874520349
1.454986343989777 5.989674327279779
6.03508840368926 5.646825987514313
4.06273634100739 6.071263767482371
6.250374905360511 5.58494195903162
6.474392982397556 5.522143309118205
5.513995080788918 4.845064757999653
6.52878468194176 5.5740474330572
5.156758213793522 5.454377994801285
3.715067193094622 5.000595430712329
2.987257028303524 5.612593720816945
4.302706044001956 6.257442917108378
2.160036520642621 4.974984251298971
2.844484196276841 6.104822813461052
4.137657207272577 5.86855454853161
4.153770875756921 5.500923312024464
1.344178720316785 5.471856172492454
6.58197749484329 5.435309434676109
6.70319909245369 5.917841015046623
3.527558066956693 5.014962547179903
5.955405969176328 5.060122517748898
2.786828079256781 4.823562110193579
4.614626297222286 6.284290429188216
1.915981889727528 5.846811638014092
5.798938161641086 6.228780775697233
6.131950062588706 5.516499504773102
4.496414432119556 6.502935885653585
4.510168843431461 5.087131319598676
3.757708574344258 6.345105475532233
3.774607261912561 5.313165264645752
2.051554060775768 6.184760935887988
4.591258878649016 5.481827665454213
5.521302266797898 5.46058608178726
5.204483268799756 4.91930945231872
3.89377582414725 5.281542637041485
1.985102339003733 5.931635531018767
4.045242394769383 5.589350753995348
2.876756246578635 6.213401534186264
4.578822236871554 6.407307800113832
4.883847635952164 6.627201548522696
3.890615948745599 5.474777698803899
5.166967414114676 5.117859973108521
5.31442379078676 4.889484618010365
2.495492589716703 6.316608184155561
6.383022472135059 5.206418140635291
2.34960008234682 6.432717136548242
4.36426746588807 6.330121951395039
3.222606778448874 5.449457348607519
5.408168934202856 5.395753675229215
4.349005271481206 5.460324061475702
4.937724607251159 5.416388049322475
4.004656249690145 6.624568313223059
2.153131184866726 5.83597061278339
3.944275642148841 4.825329507087543
5.663501488485351 5.140804405830938
3.399303060586587 4.831175715066641
2.810198555674738 6.165264829872886
4.289077081029677 6.252154193453067
2.591939514652535 6.080454661644745
2.605754645327121 5.664374111772942
3.259080085282011 5.91467207443786
1.515691170137534 6.137273909051732
1.108554420218233 5.600750250593709
5.202158443997518 6.02705665550325
5.648251451227656 5.828106583012213
4.494139505565671 5.114320147707907
1.398690625935947 5.229252576149462
3.597829118759885 5.941497575081094
2.032475653660355 6.153301016207039
2.073333395070903 5.132099959767494
4.063401162448198 6.164410732236358
3.883909825024027 5.211432843250228
5.727702554943068 5.456075370560134
5.145368087965876 5.656321960447976
1.49725981294329 5.506340742686477
6.421122438487977 5.651541384443915
2.891321411710804 6.307188160597352
6.958197082322501 5.624411584778981
2.437914880724818 5.786705857716115
3.686854554553146 5.053903180941417
5.57117089432478 5.711322505073348
1.462893619093927 5.968573504837052
1.054130698410708 5.655889076255473
3.988516314255407 5.951734161660974
5.09637778467485 5.993630179388465
4.189132577599779 5.911172634018561
1.516310208341244 5.439834771863963
4.800237316275362 6.127911895155391
5.439960414684146 5.075923939297743
4.079802335223721 4.861976444813555
1.224864878799497 5.940478184473161
2.596219616551257 6.506534895448674
3.176034096556079 4.876189219409318
3.504265725381481 5.941055772529288
3.766720518950018 5.809572275787046
5.346444580288827 5.434009845828128
6.635244898962043 6.08526647838661
4.496234159851323 5.292003970871199
1.23293854039217 5.419648063076254
2.739533015771238 5.794480737990656
5.506862291506465 5.631086830374604
4.044919532418029 6.423341176096408
1.617504707576948 5.697488474671346
3.882364321678184 4.819966987102251
4.204095799672405 5.564931092596349
6.249007770989288 5.720179545640703
2.215268665557744 5.47274670812177
3.105143144037904 5.019881342649891
4.068713193122891 5.650298658351019
2.899743399869077 5.430090162458439
2.749559747810411 5.355202579675029
4.194014092352228 6.571409118300924
4.990345626943672 5.929321231873886
3.071459360205972 4.885888369095299
4.809657902451749 5.465286616365209
2.677912279872049 6.015645310823965
5.423406485282221 5.176310522249879
2.465324966656991 5.465798869995123
3.209091385137719 6.067734757420945
1.526404203074155 5.314839485688397
3.962544831713801 5.584855698142293
4.90716208882982 6.460540670681809
5.512519309672647 6.464351873630742
2.068595030408128 5.663198677537102
3.771120633099669 6.058581085524281
6.219890987098033 5.735178859003488
3.115597081202602 5.79626459863181
3.733702672495624 5.823673499433054
4.767354629557131 5.082536757210899
